#           k/h    P           
   0.742170E-04   0.314221E+03
   0.829389E-04   0.349814E+03
   0.926858E-04   0.389437E+03
   0.103578E-03   0.433542E+03
   0.115751E-03   0.482638E+03
   0.129354E-03   0.537284E+03
   0.144555E-03   0.598107E+03
   0.161543E-03   0.665799E+03
   0.180527E-03   0.741130E+03
   0.201743E-03   0.824954E+03
   0.225451E-03   0.918218E+03
   0.251946E-03   0.102197E+04
   0.281555E-03   0.113736E+04
   0.314643E-03   0.126568E+04
   0.351619E-03   0.140832E+04
   0.392941E-03   0.156684E+04
   0.439119E-03   0.174294E+04
   0.490724E-03   0.193847E+04
   0.548394E-03   0.215545E+04
   0.612840E-03   0.239608E+04
   0.684861E-03   0.266273E+04
   0.765345E-03   0.295795E+04
   0.855288E-03   0.328448E+04
   0.955800E-03   0.364521E+04
   0.106813E-02   0.404316E+04
   0.119365E-02   0.448148E+04
   0.133393E-02   0.496336E+04
   0.149069E-02   0.549200E+04
   0.166587E-02   0.607048E+04
   0.186164E-02   0.670171E+04
   0.208042E-02   0.738828E+04
   0.232491E-02   0.813230E+04
   0.259813E-02   0.893525E+04
   0.290346E-02   0.979775E+04
   0.324468E-02   0.107197E+05
   0.362599E-02   0.116987E+05
   0.405211E-02   0.127316E+05
   0.452831E-02   0.138127E+05
   0.506047E-02   0.149346E+05
   0.511702E-02   0.150487E+05
   0.517419E-02   0.151630E+05
   0.523200E-02   0.152776E+05
   0.529046E-02   0.153925E+05
   0.534957E-02   0.155076E+05
   0.540934E-02   0.156229E+05
   0.546978E-02   0.157385E+05
   0.553089E-02   0.158543E+05
   0.559269E-02   0.159703E+05
   0.565518E-02   0.160865E+05
   0.571836E-02   0.162028E+05
   0.578225E-02   0.163193E+05
   0.584686E-02   0.164359E+05
   0.591219E-02   0.165526E+05
   0.597824E-02   0.166695E+05
   0.604504E-02   0.167864E+05
   0.611258E-02   0.169034E+05
   0.618088E-02   0.170204E+05
   0.624994E-02   0.171375E+05
   0.631977E-02   0.172546E+05
   0.639038E-02   0.173716E+05
   0.646178E-02   0.174887E+05
   0.653398E-02   0.176057E+05
   0.660698E-02   0.177226E+05
   0.668080E-02   0.178394E+05
   0.675545E-02   0.179562E+05
   0.683093E-02   0.180728E+05
   0.690725E-02   0.181892E+05
   0.698442E-02   0.183055E+05
   0.706246E-02   0.184216E+05
   0.714137E-02   0.185374E+05
   0.722116E-02   0.186530E+05
   0.730184E-02   0.187684E+05
   0.738343E-02   0.188834E+05
   0.746592E-02   0.189982E+05
   0.754934E-02   0.191126E+05
   0.763369E-02   0.192266E+05
   0.771898E-02   0.193402E+05
   0.780523E-02   0.194534E+05
   0.789244E-02   0.195662E+05
   0.798062E-02   0.196785E+05
   0.806979E-02   0.197902E+05
   0.815995E-02   0.199015E+05
   0.825112E-02   0.200122E+05
   0.834331E-02   0.201223E+05
   0.843653E-02   0.202317E+05
   0.853079E-02   0.203405E+05
   0.862611E-02   0.204487E+05
   0.872249E-02   0.205561E+05
   0.881995E-02   0.206628E+05
   0.891849E-02   0.207687E+05
   0.901814E-02   0.208737E+05
   0.911890E-02   0.209780E+05
   0.922079E-02   0.210813E+05
   0.932381E-02   0.211838E+05
   0.942799E-02   0.212852E+05
   0.953333E-02   0.213857E+05
   0.963984E-02   0.214852E+05
   0.974755E-02   0.215836E+05
   0.985646E-02   0.216810E+05
   0.996659E-02   0.217772E+05
   0.100779E-01   0.218722E+05
   0.101905E-01   0.219660E+05
   0.103044E-01   0.220586E+05
   0.104195E-01   0.221499E+05
   0.105360E-01   0.222399E+05
   0.106537E-01   0.223285E+05
   0.107727E-01   0.224157E+05
   0.108931E-01   0.225014E+05
   0.110148E-01   0.225857E+05
   0.111378E-01   0.226684E+05
   0.112623E-01   0.227496E+05
   0.113881E-01   0.228292E+05
   0.115154E-01   0.229071E+05
   0.116440E-01   0.229833E+05
   0.117741E-01   0.230578E+05
   0.119057E-01   0.231305E+05
   0.120387E-01   0.232014E+05
   0.121732E-01   0.232704E+05
   0.123092E-01   0.233375E+05
   0.124468E-01   0.234026E+05
   0.125858E-01   0.234657E+05
   0.127265E-01   0.235268E+05
   0.128686E-01   0.235858E+05
   0.130124E-01   0.236426E+05
   0.131578E-01   0.236973E+05
   0.133048E-01   0.237497E+05
   0.134535E-01   0.237998E+05
   0.136038E-01   0.238476E+05
   0.137558E-01   0.238931E+05
   0.139095E-01   0.239361E+05
   0.140649E-01   0.239767E+05
   0.142221E-01   0.240147E+05
   0.143810E-01   0.240502E+05
   0.145416E-01   0.240831E+05
   0.147041E-01   0.241134E+05
   0.148684E-01   0.241410E+05
   0.150345E-01   0.241658E+05
   0.152025E-01   0.241878E+05
   0.153724E-01   0.242071E+05
   0.155441E-01   0.242234E+05
   0.157178E-01   0.242369E+05
   0.158934E-01   0.242474E+05
   0.160710E-01   0.242549E+05
   0.162506E-01   0.242593E+05
   0.164321E-01   0.242607E+05
   0.166157E-01   0.242590E+05
   0.168014E-01   0.242541E+05
   0.169891E-01   0.242460E+05
   0.171789E-01   0.242347E+05
   0.173709E-01   0.242201E+05
   0.175649E-01   0.242022E+05
   0.177612E-01   0.241810E+05
   0.179596E-01   0.241564E+05
   0.181603E-01   0.241285E+05
   0.183632E-01   0.240971E+05
   0.185684E-01   0.240622E+05
   0.187758E-01   0.240239E+05
   0.189856E-01   0.239820E+05
   0.191978E-01   0.239367E+05
   0.194123E-01   0.238878E+05
   0.196292E-01   0.238353E+05
   0.198485E-01   0.237793E+05
   0.200702E-01   0.237196E+05
   0.202945E-01   0.236564E+05
   0.205212E-01   0.235896E+05
   0.207505E-01   0.235191E+05
   0.209824E-01   0.234450E+05
   0.212168E-01   0.233673E+05
   0.214539E-01   0.232860E+05
   0.216936E-01   0.232011E+05
   0.219360E-01   0.231125E+05
   0.221810E-01   0.230204E+05
   0.224289E-01   0.229247E+05
   0.226795E-01   0.228255E+05
   0.229329E-01   0.227227E+05
   0.231891E-01   0.226164E+05
   0.234482E-01   0.225067E+05
   0.237102E-01   0.223935E+05
   0.239751E-01   0.222769E+05
   0.242430E-01   0.221569E+05
   0.245138E-01   0.220337E+05
   0.247877E-01   0.219071E+05
   0.250647E-01   0.217774E+05
   0.253447E-01   0.216445E+05
   0.256279E-01   0.215085E+05
   0.259143E-01   0.213695E+05
   0.262038E-01   0.212276E+05
   0.264966E-01   0.210828E+05
   0.267926E-01   0.209351E+05
   0.270920E-01   0.207848E+05
   0.273947E-01   0.206318E+05
   0.277008E-01   0.204764E+05
   0.280103E-01   0.203185E+05
   0.283232E-01   0.201582E+05
   0.286397E-01   0.199958E+05
   0.289597E-01   0.198312E+05
   0.292833E-01   0.196646E+05
   0.296104E-01   0.194961E+05
   0.299413E-01   0.193259E+05
   0.302758E-01   0.191540E+05
   0.306141E-01   0.189806E+05
   0.309561E-01   0.188059E+05
   0.313020E-01   0.186298E+05
   0.316518E-01   0.184527E+05
   0.320054E-01   0.182746E+05
   0.323630E-01   0.180957E+05
   0.327246E-01   0.179161E+05
   0.330902E-01   0.177360E+05
   0.334600E-01   0.175554E+05
   0.338338E-01   0.173746E+05
   0.342118E-01   0.171938E+05
   0.345941E-01   0.170130E+05
   0.349806E-01   0.168324E+05
   0.353714E-01   0.166521E+05
   0.357666E-01   0.164724E+05
   0.361663E-01   0.162933E+05
   0.365704E-01   0.161151E+05
   0.369790E-01   0.159378E+05
   0.373921E-01   0.157616E+05
   0.378099E-01   0.155865E+05
   0.382324E-01   0.154129E+05
   0.386595E-01   0.152407E+05
   0.390915E-01   0.150702E+05
   0.395283E-01   0.149015E+05
   0.399699E-01   0.147348E+05
   0.404165E-01   0.145701E+05
   0.408681E-01   0.144076E+05
   0.413247E-01   0.142474E+05
   0.417864E-01   0.140895E+05
   0.422533E-01   0.139341E+05
   0.427254E-01   0.137812E+05
   0.432028E-01   0.136309E+05
   0.436855E-01   0.134832E+05
   0.441736E-01   0.133383E+05
   0.446671E-01   0.131961E+05
   0.451662E-01   0.130569E+05
   0.456709E-01   0.129206E+05
   0.461811E-01   0.127873E+05
   0.466971E-01   0.126569E+05
   0.472189E-01   0.125295E+05
   0.477465E-01   0.124050E+05
   0.482799E-01   0.122835E+05
   0.488194E-01   0.121648E+05
   0.493648E-01   0.120489E+05
   0.499164E-01   0.119358E+05
   0.504741E-01   0.118255E+05
   0.510380E-01   0.117178E+05
   0.516083E-01   0.116128E+05
   0.521849E-01   0.115102E+05
   0.527680E-01   0.114102E+05
   0.533576E-01   0.113124E+05
   0.539537E-01   0.112168E+05
   0.545566E-01   0.111232E+05
   0.551661E-01   0.110315E+05
   0.557825E-01   0.109414E+05
   0.564058E-01   0.108529E+05
   0.570360E-01   0.107657E+05
   0.576733E-01   0.106797E+05
   0.583177E-01   0.105947E+05
   0.592339E-01   0.104764E+05
   0.601502E-01   0.103678E+05
   0.610664E-01   0.102544E+05
   0.619827E-01   0.101425E+05
   0.628989E-01   0.100316E+05
   0.638152E-01   0.992108E+04
   0.647315E-01   0.981056E+04
   0.656477E-01   0.969964E+04
   0.665640E-01   0.958801E+04
   0.674802E-01   0.947540E+04
   0.683965E-01   0.936156E+04
   0.693128E-01   0.924639E+04
   0.702290E-01   0.912972E+04
   0.711453E-01   0.901157E+04
   0.720615E-01   0.889206E+04
   0.729778E-01   0.877096E+04
   0.738941E-01   0.864842E+04
   0.748103E-01   0.852491E+04
   0.757266E-01   0.839976E+04
   0.766428E-01   0.827453E+04
   0.775591E-01   0.814812E+04
   0.784754E-01   0.802137E+04
   0.793916E-01   0.789449E+04
   0.803079E-01   0.776759E+04
   0.812241E-01   0.764082E+04
   0.821404E-01   0.751518E+04
   0.830567E-01   0.739000E+04
   0.839729E-01   0.726613E+04
   0.848892E-01   0.714373E+04
   0.858054E-01   0.702306E+04
   0.867217E-01   0.690400E+04
   0.876379E-01   0.678754E+04
   0.885542E-01   0.667310E+04
   0.894705E-01   0.656132E+04
   0.903867E-01   0.645223E+04
   0.913030E-01   0.634606E+04
   0.922192E-01   0.624290E+04
   0.931355E-01   0.614282E+04
   0.940518E-01   0.604593E+04
   0.949680E-01   0.595233E+04
   0.958843E-01   0.586202E+04
   0.968005E-01   0.577512E+04
   0.977168E-01   0.569126E+04
   0.986331E-01   0.561115E+04
   0.995493E-01   0.553410E+04
   0.100466E+00   0.545996E+04
   0.101382E+00   0.538948E+04
   0.102298E+00   0.532172E+04
   0.103214E+00   0.525723E+04
   0.104131E+00   0.519531E+04
   0.105047E+00   0.513628E+04
   0.105963E+00   0.508049E+04
   0.106879E+00   0.502624E+04
   0.107796E+00   0.497459E+04
   0.108712E+00   0.492556E+04
   0.109628E+00   0.487832E+04
   0.110544E+00   0.483325E+04
   0.111461E+00   0.478964E+04
   0.112377E+00   0.474780E+04
   0.113293E+00   0.470790E+04
   0.114209E+00   0.466877E+04
   0.115126E+00   0.463080E+04
   0.116042E+00   0.459425E+04
   0.116958E+00   0.455839E+04
   0.117875E+00   0.452332E+04
   0.118791E+00   0.448895E+04
   0.119707E+00   0.445506E+04
   0.120623E+00   0.442154E+04
   0.121540E+00   0.438834E+04
   0.122456E+00   0.435546E+04
   0.123372E+00   0.432262E+04
   0.124288E+00   0.428972E+04
   0.125205E+00   0.425693E+04
   0.126121E+00   0.422388E+04
   0.127037E+00   0.419074E+04
   0.127953E+00   0.415782E+04
   0.128870E+00   0.412412E+04
   0.129786E+00   0.408986E+04
   0.130702E+00   0.405625E+04
   0.131618E+00   0.402237E+04
   0.132535E+00   0.398769E+04
   0.133451E+00   0.395292E+04
   0.134367E+00   0.391790E+04
   0.135283E+00   0.388246E+04
   0.136200E+00   0.384718E+04
   0.137116E+00   0.381196E+04
   0.138032E+00   0.377583E+04
   0.138948E+00   0.373938E+04
   0.139865E+00   0.370408E+04
   0.140781E+00   0.366872E+04
   0.141697E+00   0.363286E+04
   0.142614E+00   0.359714E+04
   0.143530E+00   0.356177E+04
   0.144446E+00   0.352649E+04
   0.145362E+00   0.349142E+04
   0.146279E+00   0.345710E+04
   0.147195E+00   0.342288E+04
   0.148111E+00   0.338880E+04
   0.149027E+00   0.335531E+04
   0.149944E+00   0.332263E+04
   0.150860E+00   0.329041E+04
   0.151776E+00   0.325854E+04
   0.152692E+00   0.322725E+04
   0.153609E+00   0.319668E+04
   0.154525E+00   0.316680E+04
   0.155441E+00   0.313751E+04
   0.156357E+00   0.310866E+04
   0.157274E+00   0.308066E+04
   0.158190E+00   0.305366E+04
   0.159106E+00   0.302741E+04
   0.160022E+00   0.300114E+04
   0.160939E+00   0.297564E+04
   0.161855E+00   0.295111E+04
   0.162771E+00   0.292749E+04
   0.163687E+00   0.290405E+04
   0.164604E+00   0.288146E+04
   0.165520E+00   0.285965E+04
   0.166436E+00   0.283840E+04
   0.167353E+00   0.281706E+04
   0.168269E+00   0.279668E+04
   0.169185E+00   0.277736E+04
   0.170101E+00   0.275871E+04
   0.171018E+00   0.273955E+04
   0.171934E+00   0.272079E+04
   0.172850E+00   0.270271E+04
   0.173766E+00   0.268547E+04
   0.174683E+00   0.266837E+04
   0.175599E+00   0.265148E+04
   0.176515E+00   0.263499E+04
   0.177431E+00   0.261888E+04
   0.178348E+00   0.260296E+04
   0.179264E+00   0.258711E+04
   0.180180E+00   0.257158E+04
   0.181096E+00   0.255632E+04
   0.182013E+00   0.254126E+04
   0.182929E+00   0.252626E+04
   0.183845E+00   0.251136E+04
   0.184761E+00   0.249656E+04
   0.185678E+00   0.248186E+04
   0.186594E+00   0.246728E+04
   0.187510E+00   0.245282E+04
   0.188426E+00   0.243828E+04
   0.189343E+00   0.242373E+04
   0.190259E+00   0.240926E+04
   0.191175E+00   0.239519E+04
   0.192092E+00   0.238109E+04
   0.193008E+00   0.236662E+04
   0.193924E+00   0.235193E+04
   0.194840E+00   0.233720E+04
   0.195757E+00   0.232338E+04
   0.196673E+00   0.230957E+04
   0.197589E+00   0.229563E+04
   0.198505E+00   0.228132E+04
   0.199422E+00   0.226694E+04
   0.200338E+00   0.225299E+04
   0.201254E+00   0.223899E+04
   0.202170E+00   0.222494E+04
   0.203087E+00   0.221086E+04
   0.204003E+00   0.219701E+04
   0.204919E+00   0.218357E+04
   0.205835E+00   0.217004E+04
   0.206752E+00   0.215624E+04
   0.207668E+00   0.214242E+04
   0.208584E+00   0.212874E+04
   0.209500E+00   0.211573E+04
   0.210417E+00   0.210282E+04
   0.211333E+00   0.208996E+04
   0.212249E+00   0.207701E+04
   0.213165E+00   0.206411E+04
   0.214082E+00   0.205147E+04
   0.214998E+00   0.203904E+04
   0.215914E+00   0.202679E+04
   0.216831E+00   0.201469E+04
   0.217747E+00   0.200270E+04
   0.218663E+00   0.199075E+04
   0.221540E+00   0.195479E+04
   0.224455E+00   0.191993E+04
   0.227408E+00   0.188618E+04
   0.230401E+00   0.185369E+04
   0.233432E+00   0.182269E+04
   0.236504E+00   0.179201E+04
   0.239615E+00   0.176307E+04
   0.242768E+00   0.173403E+04
   0.245962E+00   0.170617E+04
   0.249199E+00   0.167849E+04
   0.252478E+00   0.165150E+04
   0.255800E+00   0.162413E+04
   0.259165E+00   0.159801E+04
   0.262575E+00   0.157139E+04
   0.266030E+00   0.154502E+04
   0.269531E+00   0.151944E+04
   0.273077E+00   0.149328E+04
   0.276670E+00   0.146857E+04
   0.280311E+00   0.144374E+04
   0.283999E+00   0.141972E+04
   0.287736E+00   0.139595E+04
   0.291521E+00   0.137342E+04
   0.295357E+00   0.135070E+04
   0.299243E+00   0.132915E+04
   0.303181E+00   0.130781E+04
   0.307170E+00   0.128716E+04
   0.311212E+00   0.126685E+04
   0.315306E+00   0.124706E+04
   0.319455E+00   0.122743E+04
   0.323658E+00   0.120830E+04
   0.327917E+00   0.118925E+04
   0.332232E+00   0.117065E+04
   0.336603E+00   0.115216E+04
   0.341032E+00   0.113420E+04
   0.345519E+00   0.111640E+04
   0.350065E+00   0.109908E+04
   0.354672E+00   0.108199E+04
   0.359338E+00   0.106553E+04
   0.364066E+00   0.104915E+04
   0.368857E+00   0.103339E+04
   0.373710E+00   0.101793E+04
   0.378627E+00   0.100277E+04
   0.383609E+00   0.987833E+03
   0.388656E+00   0.973341E+03
   0.393770E+00   0.958919E+03
   0.398951E+00   0.944737E+03
   0.404200E+00   0.930882E+03
   0.409519E+00   0.917119E+03
   0.414907E+00   0.903738E+03
   0.420366E+00   0.890600E+03
   0.425897E+00   0.877748E+03
   0.431501E+00   0.865161E+03
   0.437179E+00   0.852921E+03
   0.442931E+00   0.840869E+03
   0.448759E+00   0.829049E+03
   0.454664E+00   0.817468E+03
   0.460646E+00   0.806061E+03
   0.466707E+00   0.794820E+03
   0.472848E+00   0.783774E+03
   0.479070E+00   0.772938E+03
   0.485373E+00   0.762279E+03
   0.491759E+00   0.751878E+03
   0.498230E+00   0.741642E+03
   0.504785E+00   0.731663E+03
   0.511427E+00   0.721830E+03
   0.518156E+00   0.712208E+03
   0.524974E+00   0.702687E+03
   0.531882E+00   0.693402E+03
   0.538880E+00   0.684188E+03
   0.545970E+00   0.675186E+03
   0.553154E+00   0.666308E+03
   0.560432E+00   0.657619E+03
   0.567806E+00   0.649066E+03
   0.575277E+00   0.640689E+03
   0.582847E+00   0.632446E+03
   0.590516E+00   0.624335E+03
   0.598285E+00   0.616346E+03
   0.606157E+00   0.608490E+03
   0.614133E+00   0.600743E+03
   0.622214E+00   0.593132E+03
   0.630401E+00   0.585651E+03
   0.638695E+00   0.578286E+03
   0.647099E+00   0.571049E+03
   0.655613E+00   0.563906E+03
   0.706427E+00   0.525120E+03
   0.761180E+00   0.489361E+03
   0.820176E+00   0.456150E+03
   0.883744E+00   0.425101E+03
   0.952240E+00   0.395879E+03
   0.102604E+01   0.368200E+03
   0.110557E+01   0.341848E+03
   0.119126E+01   0.316661E+03
   0.128359E+01   0.292522E+03
   0.138307E+01   0.269365E+03
   0.149027E+01   0.247175E+03
   0.160577E+01   0.225953E+03
   0.173023E+01   0.205736E+03
   0.186434E+01   0.186575E+03
   0.200883E+01   0.168522E+03
   0.216453E+01   0.151622E+03
   0.233229E+01   0.135914E+03
   0.251306E+01   0.121414E+03
   0.270784E+01   0.108112E+03
   0.291771E+01   0.959860E+02
   0.314385E+01   0.849916E+02
   0.338752E+01   0.750697E+02
   0.365007E+01   0.661534E+02
   0.393298E+01   0.581707E+02
   0.423780E+01   0.510468E+02
   0.456626E+01   0.447085E+02
   0.492017E+01   0.390855E+02
   0.530152E+01   0.341091E+02
   0.571242E+01   0.297151E+02
   0.615516E+01   0.258437E+02
   0.663223E+01   0.224389E+02
   0.714626E+01   0.194499E+02
   0.770014E+01   0.168312E+02
   0.829695E+01   0.145414E+02
   0.894001E+01   0.125433E+02
   0.963292E+01   0.108028E+02
   0.103795E+02   0.928938E+01
   0.111840E+02   0.797546E+01
   0.120508E+02   0.683694E+01
   0.129848E+02   0.585223E+01
   0.139913E+02   0.500187E+01
   0.150757E+02   0.426873E+01
   0.162441E+02   0.363784E+01
   0.175031E+02   0.309575E+01
   0.188597E+02   0.263072E+01
   0.203215E+02   0.223247E+01
   0.218965E+02   0.189193E+01
   0.235936E+02   0.160120E+01
   0.254223E+02   0.135337E+01
   0.273927E+02   0.114243E+01
   0.295158E+02   0.963158E+00
   0.318034E+02   0.811034E+00
   0.342684E+02   0.682112E+00
   0.369244E+02   0.572985E+00
   0.397862E+02   0.480769E+00
   0.428699E+02   0.402977E+00
   0.461926E+02   0.337405E+00
   0.497728E+02   0.282164E+00
   0.536305E+02   0.235721E+00
   0.577872E+02   0.196767E+00
   0.622660E+02   0.164095E+00
   0.670920E+02   0.136678E+00
   0.722921E+02   0.113732E+00
   0.778951E+02   0.945943E-01
   0.839325E+02   0.786107E-01
   0.904378E+02   0.652366E-01
   0.974472E+02   0.540986E-01
   0.105000E+03   0.448493E-01
