  0.346923E-05  0.198777E+08  0.198777E+08  0.265021E+08  0.265021E+08  0.000000E+00  0.198777E+08
  0.358680E-05  0.198777E+08  0.198777E+08  0.265020E+08  0.265020E+08  0.000000E+00  0.198777E+08
  0.370835E-05  0.198777E+08  0.198777E+08  0.265019E+08  0.265019E+08  0.000000E+00  0.198777E+08
  0.383403E-05  0.198777E+08  0.198777E+08  0.265018E+08  0.265017E+08  0.000000E+00  0.198777E+08
  0.396396E-05  0.198777E+08  0.198777E+08  0.265016E+08  0.265016E+08  0.000000E+00  0.198777E+08
  0.409829E-05  0.198777E+08  0.198777E+08  0.265015E+08  0.265015E+08  0.000000E+00  0.198777E+08
  0.423718E-05  0.198777E+08  0.198777E+08  0.265014E+08  0.265013E+08  0.000000E+00  0.198777E+08
  0.438078E-05  0.198777E+08  0.198777E+08  0.265012E+08  0.265011E+08  0.000000E+00  0.198777E+08
  0.452924E-05  0.198777E+08  0.198777E+08  0.265010E+08  0.265010E+08  0.000000E+00  0.198777E+08
  0.468273E-05  0.198777E+08  0.198777E+08  0.265008E+08  0.265008E+08  0.000000E+00  0.198777E+08
  0.484142E-05  0.198777E+08  0.198777E+08  0.265006E+08  0.265006E+08  0.000000E+00  0.198777E+08
  0.500549E-05  0.198777E+08  0.198777E+08  0.265004E+08  0.265004E+08  0.000000E+00  0.198777E+08
  0.517513E-05  0.198777E+08  0.198777E+08  0.265002E+08  0.265001E+08  0.000000E+00  0.198777E+08
  0.535051E-05  0.198777E+08  0.198777E+08  0.265000E+08  0.264999E+08  0.000000E+00  0.198777E+08
  0.553183E-05  0.198777E+08  0.198777E+08  0.264997E+08  0.264996E+08  0.000000E+00  0.198777E+08
  0.571930E-05  0.198777E+08  0.198777E+08  0.264995E+08  0.264994E+08  0.000000E+00  0.198777E+08
  0.591312E-05  0.198777E+08  0.198777E+08  0.264992E+08  0.264991E+08  0.000000E+00  0.198777E+08
  0.611351E-05  0.198777E+08  0.198777E+08  0.264989E+08  0.264988E+08  0.000000E+00  0.198777E+08
  0.632070E-05  0.198777E+08  0.198777E+08  0.264985E+08  0.264984E+08  0.000000E+00  0.198777E+08
  0.653490E-05  0.198777E+08  0.198777E+08  0.264982E+08  0.264981E+08  0.000000E+00  0.198777E+08
  0.675636E-05  0.198777E+08  0.198777E+08  0.264978E+08  0.264977E+08  0.000000E+00  0.198777E+08
  0.698533E-05  0.198777E+08  0.198777E+08  0.264974E+08  0.264973E+08  0.000000E+00  0.198777E+08
  0.722205E-05  0.198777E+08  0.198777E+08  0.264969E+08  0.264968E+08  0.000000E+00  0.198777E+08
  0.746680E-05  0.198777E+08  0.198777E+08  0.264965E+08  0.264963E+08  0.000000E+00  0.198777E+08
  0.771985E-05  0.198777E+08  0.198777E+08  0.264960E+08  0.264958E+08  0.000000E+00  0.198777E+08
  0.798147E-05  0.198777E+08  0.198777E+08  0.264955E+08  0.264953E+08  0.000000E+00  0.198777E+08
  0.825195E-05  0.198777E+08  0.198777E+08  0.264949E+08  0.264947E+08  0.000000E+00  0.198777E+08
  0.853160E-05  0.198777E+08  0.198777E+08  0.264943E+08  0.264941E+08  0.000000E+00  0.198777E+08
  0.882073E-05  0.198777E+08  0.198777E+08  0.264936E+08  0.264934E+08  0.000000E+00  0.198777E+08
  0.911966E-05  0.198777E+08  0.198777E+08  0.264930E+08  0.264927E+08  0.000000E+00  0.198777E+08
  0.942872E-05  0.198777E+08  0.198777E+08  0.264922E+08  0.264920E+08  0.000000E+00  0.198777E+08
  0.974825E-05  0.198777E+08  0.198777E+08  0.264914E+08  0.264912E+08  0.000000E+00  0.198777E+08
  0.100786E-04  0.198777E+08  0.198777E+08  0.264906E+08  0.264903E+08  0.000000E+00  0.198777E+08
  0.104202E-04  0.198777E+08  0.198777E+08  0.264897E+08  0.264894E+08  0.000000E+00  0.198777E+08
  0.107733E-04  0.198777E+08  0.198777E+08  0.264887E+08  0.264884E+08  0.000000E+00  0.198777E+08
  0.111384E-04  0.198777E+08  0.198777E+08  0.264877E+08  0.264874E+08  0.000000E+00  0.198777E+08
  0.115159E-04  0.198777E+08  0.198777E+08  0.264866E+08  0.264862E+08  0.000000E+00  0.198777E+08
  0.119061E-04  0.198777E+08  0.198777E+08  0.264854E+08  0.264850E+08  0.000000E+00  0.198777E+08
  0.123096E-04  0.198777E+08  0.198777E+08  0.264842E+08  0.264838E+08  0.000000E+00  0.198777E+08
  0.127268E-04  0.198777E+08  0.198777E+08  0.264828E+08  0.264824E+08  0.000000E+00  0.198777E+08
  0.131581E-04  0.198777E+08  0.198777E+08  0.264814E+08  0.264809E+08  0.000000E+00  0.198777E+08
  0.136040E-04  0.198777E+08  0.198777E+08  0.264798E+08  0.264794E+08  0.000000E+00  0.198777E+08
  0.140650E-04  0.198777E+08  0.198777E+08  0.264782E+08  0.264777E+08  0.000000E+00  0.198777E+08
  0.145417E-04  0.198777E+08  0.198777E+08  0.264764E+08  0.264759E+08  0.000000E+00  0.198777E+08
  0.150345E-04  0.198777E+08  0.198777E+08  0.264746E+08  0.264740E+08  0.000000E+00  0.198777E+08
  0.155440E-04  0.198777E+08  0.198777E+08  0.264726E+08  0.264719E+08  0.000000E+00  0.198777E+08
  0.160708E-04  0.198777E+08  0.198777E+08  0.264704E+08  0.264697E+08  0.000000E+00  0.198777E+08
  0.166154E-04  0.198777E+08  0.198777E+08  0.264681E+08  0.264674E+08  0.000000E+00  0.198777E+08
  0.171785E-04  0.198777E+08  0.198777E+08  0.264657E+08  0.264649E+08  0.000000E+00  0.198777E+08
  0.177606E-04  0.198777E+08  0.198777E+08  0.264631E+08  0.264622E+08  0.000000E+00  0.198777E+08
  0.183625E-04  0.198777E+08  0.198777E+08  0.264603E+08  0.264594E+08  0.000000E+00  0.198777E+08
  0.189848E-04  0.198777E+08  0.198777E+08  0.264573E+08  0.264563E+08  0.000000E+00  0.198777E+08
  0.196282E-04  0.198777E+08  0.198777E+08  0.264541E+08  0.264531E+08  0.000000E+00  0.198777E+08
  0.202934E-04  0.198776E+08  0.198776E+08  0.264507E+08  0.264496E+08  0.000000E+00  0.198776E+08
  0.209811E-04  0.198776E+08  0.198776E+08  0.264470E+08  0.264459E+08  0.000000E+00  0.198776E+08
  0.216921E-04  0.198776E+08  0.198776E+08  0.264431E+08  0.264419E+08  0.000000E+00  0.198776E+08
  0.224272E-04  0.198776E+08  0.198776E+08  0.264389E+08  0.264376E+08  0.000000E+00  0.198776E+08
  0.231873E-04  0.198776E+08  0.198776E+08  0.264345E+08  0.264331E+08  0.000000E+00  0.198776E+08
  0.239731E-04  0.198776E+08  0.198776E+08  0.264297E+08  0.264282E+08  0.000000E+00  0.198776E+08
  0.247855E-04  0.198776E+08  0.198776E+08  0.264246E+08  0.264230E+08  0.000000E+00  0.198776E+08
  0.256255E-04  0.198776E+08  0.198776E+08  0.264192E+08  0.264175E+08  0.000000E+00  0.198776E+08
  0.264939E-04  0.198776E+08  0.198776E+08  0.264134E+08  0.264116E+08  0.000000E+00  0.198776E+08
  0.273918E-04  0.198776E+08  0.198776E+08  0.264072E+08  0.264052E+08  0.000000E+00  0.198776E+08
  0.283200E-04  0.198775E+08  0.198775E+08  0.264005E+08  0.263984E+08  0.000000E+00  0.198775E+08
  0.292798E-04  0.198775E+08  0.198775E+08  0.263934E+08  0.263912E+08  0.000000E+00  0.198775E+08
  0.302720E-04  0.198775E+08  0.198775E+08  0.263858E+08  0.263835E+08  0.000000E+00  0.198775E+08
  0.312979E-04  0.198775E+08  0.198775E+08  0.263777E+08  0.263752E+08  0.000000E+00  0.198775E+08
  0.323586E-04  0.198775E+08  0.198775E+08  0.263691E+08  0.263664E+08  0.000000E+00  0.198775E+08
  0.334552E-04  0.198775E+08  0.198775E+08  0.263598E+08  0.263569E+08  0.000000E+00  0.198775E+08
  0.345890E-04  0.198774E+08  0.198774E+08  0.263499E+08  0.263468E+08  0.000000E+00  0.198774E+08
  0.357612E-04  0.198774E+08  0.198774E+08  0.263394E+08  0.263361E+08  0.000000E+00  0.198774E+08
  0.369731E-04  0.198774E+08  0.198774E+08  0.263281E+08  0.263245E+08  0.000000E+00  0.198774E+08
  0.382261E-04  0.198774E+08  0.198774E+08  0.263160E+08  0.263122E+08  0.000000E+00  0.198774E+08
  0.395215E-04  0.198774E+08  0.198774E+08  0.263031E+08  0.262991E+08  0.000000E+00  0.198774E+08
  0.408609E-04  0.198773E+08  0.198773E+08  0.262894E+08  0.262850E+08  0.000000E+00  0.198773E+08
  0.422456E-04  0.198773E+08  0.198773E+08  0.262746E+08  0.262700E+08  0.000000E+00  0.198773E+08
  0.436773E-04  0.198773E+08  0.198773E+08  0.262589E+08  0.262540E+08  0.000000E+00  0.198773E+08
  0.451575E-04  0.198772E+08  0.198772E+08  0.262421E+08  0.262369E+08  0.000000E+00  0.198772E+08
  0.466878E-04  0.198772E+08  0.198772E+08  0.262242E+08  0.262186E+08  0.000000E+00  0.198772E+08
  0.482700E-04  0.198772E+08  0.198772E+08  0.262050E+08  0.261990E+08  0.000000E+00  0.198772E+08
  0.499058E-04  0.198771E+08  0.198771E+08  0.261846E+08  0.261781E+08  0.000000E+00  0.198771E+08
  0.515971E-04  0.198771E+08  0.198771E+08  0.261627E+08  0.261558E+08  0.000000E+00  0.198771E+08
  0.533457E-04  0.198770E+08  0.198770E+08  0.261393E+08  0.261320E+08  0.000000E+00  0.198770E+08
  0.551535E-04  0.198770E+08  0.198770E+08  0.261144E+08  0.261066E+08  0.000000E+00  0.198770E+08
  0.570226E-04  0.198769E+08  0.198769E+08  0.260878E+08  0.260794E+08  0.000000E+00  0.198769E+08
  0.589551E-04  0.198769E+08  0.198769E+08  0.260593E+08  0.260504E+08  0.000000E+00  0.198769E+08
  0.609530E-04  0.198768E+08  0.198768E+08  0.260289E+08  0.260194E+08  0.000000E+00  0.198768E+08
  0.630187E-04  0.198768E+08  0.198767E+08  0.259965E+08  0.259863E+08  0.000000E+00  0.198768E+08
  0.651543E-04  0.198767E+08  0.198767E+08  0.259619E+08  0.259510E+08  0.000000E+00  0.198767E+08
  0.673623E-04  0.198766E+08  0.198766E+08  0.259249E+08  0.259133E+08  0.000000E+00  0.198766E+08
  0.696452E-04  0.198765E+08  0.198765E+08  0.258855E+08  0.258731E+08  0.000000E+00  0.198765E+08
  0.720054E-04  0.198765E+08  0.198764E+08  0.258433E+08  0.258301E+08  0.000000E+00  0.198764E+08
  0.744456E-04  0.198764E+08  0.198763E+08  0.257984E+08  0.257843E+08  0.000000E+00  0.198764E+08
  0.769685E-04  0.198763E+08  0.198762E+08  0.257504E+08  0.257353E+08  0.000000E+00  0.198763E+08
  0.795769E-04  0.198762E+08  0.198761E+08  0.256992E+08  0.256831E+08  0.000000E+00  0.198762E+08
  0.822737E-04  0.198761E+08  0.198760E+08  0.256446E+08  0.256274E+08  0.000000E+00  0.198761E+08
  0.850619E-04  0.198759E+08  0.198759E+08  0.255864E+08  0.255680E+08  0.000000E+00  0.198759E+08
  0.879446E-04  0.198758E+08  0.198758E+08  0.255242E+08  0.255047E+08  0.000000E+00  0.198758E+08
  0.909249E-04  0.198757E+08  0.198756E+08  0.254579E+08  0.254371E+08  0.000000E+00  0.198757E+08
  0.940063E-04  0.198755E+08  0.198755E+08  0.253873E+08  0.253650E+08  0.000000E+00  0.198755E+08
  0.971921E-04  0.198754E+08  0.198754E+08  0.253120E+08  0.252882E+08  0.000000E+00  0.198754E+08
  0.100486E-03  0.198752E+08  0.198752E+08  0.252317E+08  0.252064E+08  0.000000E+00  0.198752E+08
  0.103891E-03  0.198750E+08  0.198750E+08  0.251461E+08  0.251191E+08  0.000000E+00  0.198750E+08
  0.107412E-03  0.198749E+08  0.198748E+08  0.250549E+08  0.250262E+08  0.000000E+00  0.198749E+08
  0.111052E-03  0.198747E+08  0.198746E+08  0.249578E+08  0.249272E+08  0.000000E+00  0.198747E+08
  0.114816E-03  0.198745E+08  0.198744E+08  0.248544E+08  0.248217E+08  0.000000E+00  0.198744E+08
  0.118707E-03  0.198742E+08  0.198742E+08  0.247442E+08  0.247095E+08  0.000000E+00  0.198742E+08
  0.122729E-03  0.198740E+08  0.198739E+08  0.246270E+08  0.245900E+08  0.000000E+00  0.198740E+08
  0.126889E-03  0.198737E+08  0.198737E+08  0.245023E+08  0.244629E+08  0.000000E+00  0.198737E+08
  0.131189E-03  0.198735E+08  0.198734E+08  0.243696E+08  0.243276E+08  0.000000E+00  0.198734E+08
  0.135635E-03  0.198732E+08  0.198731E+08  0.242285E+08  0.241838E+08  0.000000E+00  0.198731E+08
  0.140231E-03  0.198728E+08  0.198728E+08  0.240785E+08  0.240310E+08  0.000000E+00  0.198728E+08
  0.144984E-03  0.198725E+08  0.198724E+08  0.239191E+08  0.238686E+08  0.000000E+00  0.198725E+08
  0.149897E-03  0.198722E+08  0.198721E+08  0.237498E+08  0.236961E+08  0.000000E+00  0.198721E+08
  0.154977E-03  0.198718E+08  0.198717E+08  0.235701E+08  0.235130E+08  0.000000E+00  0.198718E+08
  0.160229E-03  0.198714E+08  0.198713E+08  0.233794E+08  0.233187E+08  0.000000E+00  0.198713E+08
  0.165659E-03  0.198709E+08  0.198708E+08  0.231771E+08  0.231127E+08  0.000000E+00  0.198709E+08
  0.171273E-03  0.198705E+08  0.198703E+08  0.229626E+08  0.228943E+08  0.000000E+00  0.198704E+08
  0.177077E-03  0.198700E+08  0.198698E+08  0.227354E+08  0.226629E+08  0.000000E+00  0.198699E+08
  0.183078E-03  0.198694E+08  0.198693E+08  0.224948E+08  0.224180E+08  0.000000E+00  0.198694E+08
  0.189282E-03  0.198689E+08  0.198687E+08  0.222403E+08  0.221589E+08  0.000000E+00  0.198688E+08
  0.195697E-03  0.198682E+08  0.198681E+08  0.219711E+08  0.218849E+08  0.000000E+00  0.198682E+08
  0.202329E-03  0.198676E+08  0.198674E+08  0.216868E+08  0.215955E+08  0.000000E+00  0.198676E+08
  0.209186E-03  0.198669E+08  0.198667E+08  0.213866E+08  0.212901E+08  0.000000E+00  0.198669E+08
  0.216275E-03  0.198662E+08  0.198660E+08  0.210700E+08  0.209680E+08  0.000000E+00  0.198661E+08
  0.223604E-03  0.198654E+08  0.198652E+08  0.207364E+08  0.206287E+08  0.000000E+00  0.198654E+08
  0.231182E-03  0.198646E+08  0.198644E+08  0.203852E+08  0.202716E+08  0.000000E+00  0.198645E+08
  0.239017E-03  0.198637E+08  0.198634E+08  0.200159E+08  0.198962E+08  0.000000E+00  0.198636E+08
  0.247117E-03  0.198627E+08  0.198625E+08  0.196281E+08  0.195020E+08  0.000000E+00  0.198627E+08
  0.255491E-03  0.198617E+08  0.198614E+08  0.192212E+08  0.190887E+08  0.000000E+00  0.198616E+08
  0.264150E-03  0.198606E+08  0.198603E+08  0.187951E+08  0.186558E+08  0.000000E+00  0.198606E+08
  0.273102E-03  0.198594E+08  0.198592E+08  0.183493E+08  0.182032E+08  0.000000E+00  0.198594E+08
  0.282357E-03  0.198582E+08  0.198579E+08  0.178837E+08  0.177306E+08  0.000000E+00  0.198582E+08
  0.291926E-03  0.198569E+08  0.198566E+08  0.173983E+08  0.172381E+08  0.000000E+00  0.198568E+08
  0.301819E-03  0.198555E+08  0.198552E+08  0.168931E+08  0.167258E+08  0.000000E+00  0.198554E+08
  0.312047E-03  0.198540E+08  0.198537E+08  0.163684E+08  0.161938E+08  0.000000E+00  0.198540E+08
  0.322622E-03  0.198524E+08  0.198520E+08  0.158245E+08  0.156427E+08  0.000000E+00  0.198524E+08
  0.333555E-03  0.198507E+08  0.198503E+08  0.152620E+08  0.150730E+08  0.000000E+00  0.198507E+08
  0.344859E-03  0.198489E+08  0.198485E+08  0.146816E+08  0.144856E+08  0.000000E+00  0.198489E+08
  0.356546E-03  0.198470E+08  0.198466E+08  0.140845E+08  0.138816E+08  0.000000E+00  0.198469E+08
  0.368629E-03  0.198450E+08  0.198445E+08  0.134717E+08  0.132623E+08  0.000000E+00  0.198449E+08
  0.381122E-03  0.198428E+08  0.198423E+08  0.128450E+08  0.126293E+08  0.000000E+00  0.198427E+08
  0.394038E-03  0.198405E+08  0.198400E+08  0.122060E+08  0.119845E+08  0.000000E+00  0.198404E+08
  0.407391E-03  0.198380E+08  0.198375E+08  0.115569E+08  0.113301E+08  0.000000E+00  0.198379E+08
  0.421198E-03  0.198354E+08  0.198348E+08  0.109001E+08  0.106686E+08  0.000000E+00  0.198353E+08
  0.435472E-03  0.198327E+08  0.198320E+08  0.102383E+08  0.100029E+08  0.000000E+00  0.198326E+08
  0.450229E-03  0.198297E+08  0.198291E+08  0.957459E+07  0.933595E+07  0.000000E+00  0.198296E+08
  0.465487E-03  0.198266E+08  0.198259E+08  0.891222E+07  0.867136E+07  0.000000E+00  0.198265E+08
  0.481262E-03  0.198233E+08  0.198225E+08  0.825483E+07  0.801279E+07  0.000000E+00  0.198232E+08
  0.497572E-03  0.198198E+08  0.198190E+08  0.760627E+07  0.736421E+07  0.000000E+00  0.198196E+08
  0.514434E-03  0.198160E+08  0.198152E+08  0.697060E+07  0.672977E+07  0.000000E+00  0.198159E+08
  0.531868E-03  0.198121E+08  0.198112E+08  0.635202E+07  0.611377E+07  0.000000E+00  0.198119E+08
  0.549892E-03  0.198079E+08  0.198070E+08  0.575479E+07  0.552054E+07  0.000000E+00  0.198077E+08
  0.568528E-03  0.198035E+08  0.198025E+08  0.518316E+07  0.495440E+07  0.000000E+00  0.198033E+08
  0.587795E-03  0.197988E+08  0.197978E+08  0.464125E+07  0.441951E+07  0.000000E+00  0.197986E+08
  0.607715E-03  0.197938E+08  0.197927E+08  0.413295E+07  0.391977E+07  0.000000E+00  0.197936E+08
  0.628309E-03  0.197885E+08  0.197874E+08  0.366175E+07  0.345865E+07  0.000000E+00  0.197884E+08
  0.649602E-03  0.197830E+08  0.197818E+08  0.323064E+07  0.303907E+07  0.000000E+00  0.197828E+08
  0.671617E-03  0.197771E+08  0.197759E+08  0.284194E+07  0.266326E+07  0.000000E+00  0.197769E+08
  0.694377E-03  0.197709E+08  0.197697E+08  0.249716E+07  0.233259E+07  0.000000E+00  0.197707E+08
  0.717909E-03  0.197644E+08  0.197631E+08  0.219687E+07  0.204743E+07  0.000000E+00  0.197642E+08
  0.742238E-03  0.197575E+08  0.197561E+08  0.194059E+07  0.180707E+07  0.000000E+00  0.197573E+08
  0.767392E-03  0.197502E+08  0.197488E+08  0.172671E+07  0.160963E+07  0.000000E+00  0.197500E+08
  0.793399E-03  0.197425E+08  0.197411E+08  0.155247E+07  0.145203E+07  0.000000E+00  0.197423E+08
  0.820286E-03  0.197344E+08  0.197329E+08  0.141397E+07  0.133002E+07  0.000000E+00  0.197342E+08
  0.848085E-03  0.197259E+08  0.197244E+08  0.130628E+07  0.123832E+07  0.000000E+00  0.197257E+08
  0.876826E-03  0.197170E+08  0.197154E+08  0.122362E+07  0.117078E+07  0.000000E+00  0.197167E+08
  0.906541E-03  0.197076E+08  0.197059E+08  0.115960E+07  0.112068E+07  0.000000E+00  0.197073E+08
  0.937263E-03  0.196977E+08  0.196960E+08  0.110757E+07  0.108107E+07  0.000000E+00  0.196974E+08
  0.969026E-03  0.196873E+08  0.196855E+08  0.106106E+07  0.104518E+07  0.000000E+00  0.196870E+08
  0.100187E-02  0.196763E+08  0.196745E+08  0.101414E+07  0.100695E+07  0.000000E+00  0.196760E+08
  0.103582E-02  0.196648E+08  0.196630E+08  0.961974E+06  0.961430E+06  0.000000E+00  0.196645E+08
  0.107092E-02  0.196528E+08  0.196509E+08  0.901181E+06  0.905250E+06  0.000000E+00  0.196525E+08
  0.110721E-02  0.196401E+08  0.196382E+08  0.830182E+06  0.836946E+06  0.000000E+00  0.196398E+08
  0.114474E-02  0.196268E+08  0.196249E+08  0.749376E+06  0.757126E+06  0.000000E+00  0.196265E+08
  0.118353E-02  0.196129E+08  0.196109E+08  0.661114E+06  0.668429E+06  0.000000E+00  0.196126E+08
  0.122364E-02  0.195983E+08  0.195963E+08  0.569429E+06  0.575229E+06  0.000000E+00  0.195980E+08
  0.126511E-02  0.195830E+08  0.195810E+08  0.479514E+06  0.483085E+06  0.000000E+00  0.195826E+08
  0.130798E-02  0.195669E+08  0.195649E+08  0.396977E+06  0.397952E+06  0.000000E+00  0.195666E+08
  0.135231E-02  0.195501E+08  0.195481E+08  0.326937E+06  0.325252E+06  0.000000E+00  0.195498E+08
  0.139813E-02  0.195325E+08  0.195305E+08  0.273107E+06  0.268925E+06  0.000000E+00  0.195322E+08
  0.144552E-02  0.195141E+08  0.195120E+08  0.237007E+06  0.230638E+06  0.000000E+00  0.195138E+08
  0.149450E-02  0.194948E+08  0.194928E+08  0.217506E+06  0.209329E+06  0.000000E+00  0.194945E+08
  0.154515E-02  0.194747E+08  0.194726E+08  0.210848E+06  0.201255E+06  0.000000E+00  0.194743E+08
  0.159751E-02  0.194536E+08  0.194515E+08  0.211250E+06  0.200630E+06  0.000000E+00  0.194532E+08
  0.165165E-02  0.194315E+08  0.194294E+08  0.212039E+06  0.200794E+06  0.000000E+00  0.194312E+08
  0.170763E-02  0.194085E+08  0.194064E+08  0.207162E+06  0.195742E+06  0.000000E+00  0.194082E+08
  0.176550E-02  0.193844E+08  0.193823E+08  0.192712E+06  0.181651E+06  0.000000E+00  0.193841E+08
  0.182533E-02  0.193593E+08  0.193572E+08  0.168040E+06  0.157953E+06  0.000000E+00  0.193589E+08
  0.188719E-02  0.193330E+08  0.193309E+08  0.136044E+06  0.127562E+06  0.000000E+00  0.193327E+08
  0.195114E-02  0.193056E+08  0.193035E+08  0.102363E+06  0.960060E+05  0.000000E+00  0.193053E+08
  0.201726E-02  0.192770E+08  0.192749E+08  0.735651E+05  0.695780E+05  0.000000E+00  0.192767E+08
  0.208563E-02  0.192472E+08  0.192450E+08  0.548030E+05  0.530166E+05  0.000000E+00  0.192468E+08
  0.215631E-02  0.192161E+08  0.192139E+08  0.477743E+05  0.475635E+05  0.000000E+00  0.192157E+08
  0.222938E-02  0.191837E+08  0.191814E+08  0.498875E+05  0.502870E+05  0.000000E+00  0.191833E+08
  0.230493E-02  0.191499E+08  0.191476E+08  0.552315E+05  0.552023E+05  0.000000E+00  0.191495E+08
  0.238305E-02  0.191147E+08  0.191124E+08  0.571986E+05  0.559602E+05  0.000000E+00  0.191143E+08
  0.246381E-02  0.190780E+08  0.190757E+08  0.517118E+05  0.489910E+05  0.000000E+00  0.190777E+08
  0.254730E-02  0.190399E+08  0.190375E+08  0.394018E+05  0.354557E+05  0.000000E+00  0.190395E+08
  0.263363E-02  0.190002E+08  0.189977E+08  0.252903E+05  0.206620E+05  0.000000E+00  0.189998E+08
  0.272288E-02  0.189589E+08  0.189564E+08  0.157484E+05  0.108998E+05  0.000000E+00  0.189585E+08
  0.281516E-02  0.189160E+08  0.189134E+08  0.142739E+05  0.127512E+05  0.000000E+00  0.189156E+08
  0.291056E-02  0.188713E+08  0.188687E+08  0.188596E+05  0.296293E+05  0.000000E+00  0.188709E+08
  0.300920E-02  0.188250E+08  0.188223E+08  0.231936E+05  0.506749E+05  0.000000E+00  0.188245E+08
  0.311118E-02  0.187768E+08  0.187740E+08  0.213948E+05  0.626670E+05  0.000000E+00  0.187764E+08
  0.321661E-02  0.187268E+08  0.187240E+08  0.128849E+05  0.605106E+05  0.000000E+00  0.187263E+08
  0.332562E-02  0.186749E+08  0.186720E+08  0.306387E+04  0.511698E+05  0.000000E+00  0.186744E+08
  0.343832E-02  0.186210E+08  0.186180E+08 -0.152761E+04  0.455831E+05  0.000000E+00  0.186205E+08
  0.355484E-02  0.185651E+08  0.185621E+08  0.436418E+03  0.477909E+05  0.000000E+00  0.185647E+08
  0.367531E-02  0.185072E+08  0.185041E+08  0.372623E+04  0.520634E+05  0.000000E+00  0.185067E+08
  0.379987E-02  0.184472E+08  0.184439E+08  0.244757E+04  0.506908E+05  0.000000E+00  0.184467E+08
  0.392864E-02  0.183850E+08  0.183816E+08 -0.292876E+04  0.436355E+05  0.000000E+00  0.183845E+08
  0.406178E-02  0.183206E+08  0.183171E+08 -0.623709E+04  0.379830E+05  0.000000E+00  0.183200E+08
  0.419943E-02  0.182539E+08  0.182503E+08 -0.410471E+04  0.380176E+05  0.000000E+00  0.182533E+08
  0.434174E-02  0.181849E+08  0.181812E+08 -0.100959E+04  0.393647E+05  0.000000E+00  0.181843E+08
  0.448888E-02  0.181135E+08  0.181097E+08 -0.258813E+04  0.361545E+05  0.000000E+00  0.181129E+08
  0.464101E-02  0.180397E+08  0.180357E+08 -0.634414E+04  0.304825E+05  0.000000E+00  0.180390E+08
  0.479829E-02  0.179633E+08  0.179592E+08 -0.544330E+04  0.000000E+00  0.000000E+00  0.179627E+08
  0.496090E-02  0.178845E+08  0.178802E+08 -0.904678E+03  0.000000E+00  0.000000E+00  0.178838E+08
  0.512902E-02  0.178030E+08  0.177986E+08 -0.353516E+03  0.000000E+00  0.000000E+00  0.178023E+08
  0.530283E-02  0.177189E+08  0.177143E+08 -0.365449E+04  0.000000E+00  0.000000E+00  0.177182E+08
  0.548254E-02  0.176321E+08  0.176273E+08 -0.319918E+04  0.000000E+00  0.000000E+00  0.176313E+08
  0.566834E-02  0.175425E+08  0.175375E+08 -0.370808E+02  0.000000E+00  0.000000E+00  0.175417E+08
  0.586044E-02  0.174501E+08  0.174449E+08 -0.145663E+04  0.000000E+00  0.000000E+00  0.174493E+08
  0.605904E-02  0.173548E+08  0.173494E+08 -0.414521E+04  0.000000E+00  0.000000E+00  0.173540E+08
  0.626438E-02  0.172566E+08  0.172510E+08 -0.266781E+04  0.000000E+00  0.000000E+00  0.172558E+08
  0.647667E-02  0.171555E+08  0.171495E+08 -0.266524E+04  0.000000E+00  0.000000E+00  0.171545E+08
  0.669616E-02  0.170513E+08  0.170450E+08 -0.443661E+04  0.000000E+00  0.000000E+00  0.170503E+08
  0.692309E-02  0.169440E+08  0.169374E+08 -0.229139E+04  0.000000E+00  0.000000E+00  0.169429E+08
  0.715771E-02  0.168335E+08  0.168267E+08 -0.191725E+04  0.000000E+00  0.000000E+00  0.168324E+08
  0.740027E-02  0.167199E+08  0.167127E+08 -0.375490E+04  0.000000E+00  0.000000E+00  0.167188E+08
  0.765106E-02  0.166030E+08  0.165955E+08 -0.237199E+04  0.000000E+00  0.000000E+00  0.166018E+08
  0.791035E-02  0.164828E+08  0.164749E+08 -0.251166E+04  0.000000E+00  0.000000E+00  0.164816E+08
  0.817843E-02  0.163593E+08  0.163510E+08 -0.213832E+04  0.000000E+00  0.000000E+00  0.163580E+08
  0.845559E-02  0.162323E+08  0.162236E+08 -0.175397E+04  0.000000E+00  0.000000E+00  0.162309E+08
  0.874214E-02  0.161019E+08  0.160928E+08 -0.304140E+04  0.000000E+00  0.000000E+00  0.161004E+08
  0.903840E-02  0.159680E+08  0.159584E+08 -0.150116E+04  0.000000E+00  0.000000E+00  0.159664E+08
  0.934471E-02  0.158305E+08  0.158204E+08 -0.301359E+04  0.000000E+00  0.000000E+00  0.158289E+08
  0.966139E-02  0.156893E+08  0.156787E+08 -0.169699E+04  0.000000E+00  0.000000E+00  0.156877E+08
  0.998881E-02  0.155446E+08  0.155334E+08 -0.230894E+04  0.000000E+00  0.000000E+00  0.155428E+08
  0.103273E-01  0.153960E+08  0.153843E+08 -0.160299E+04  0.000000E+00  0.000000E+00  0.153942E+08
  0.106773E-01  0.152438E+08  0.152314E+08 -0.199366E+04  0.000000E+00  0.000000E+00  0.152418E+08
  0.110391E-01  0.150877E+08  0.150747E+08 -0.102829E+04  0.000000E+00  0.000000E+00  0.150856E+08
  0.114133E-01  0.149277E+08  0.149141E+08 -0.204721E+04  0.000000E+00  0.000000E+00  0.149256E+08
  0.118000E-01  0.147638E+08  0.147495E+08 -0.140438E+04  0.000000E+00  0.000000E+00  0.147616E+08
  0.121999E-01  0.145960E+08  0.145809E+08 -0.145951E+04  0.000000E+00  0.000000E+00  0.145936E+08
  0.126134E-01  0.144242E+08  0.144083E+08 -0.159823E+04  0.000000E+00  0.000000E+00  0.144217E+08
  0.130408E-01  0.142484E+08  0.142316E+08 -0.103579E+04  0.000000E+00  0.000000E+00  0.142457E+08
  0.134828E-01  0.140684E+08  0.140509E+08 -0.102071E+04  0.000000E+00  0.000000E+00  0.140657E+08
  0.139397E-01  0.138844E+08  0.138660E+08 -0.134529E+04  0.000000E+00  0.000000E+00  0.138815E+08
  0.144121E-01  0.136963E+08  0.136769E+08 -0.104828E+04  0.000000E+00  0.000000E+00  0.136932E+08
  0.149005E-01  0.135040E+08  0.134837E+08 -0.905286E+03  0.000000E+00  0.000000E+00  0.135008E+08
  0.154055E-01  0.133076E+08  0.132863E+08 -0.948955E+03  0.000000E+00  0.000000E+00  0.133043E+08
  0.159276E-01  0.131071E+08  0.130847E+08 -0.957359E+03  0.000000E+00  0.000000E+00  0.131036E+08
  0.164673E-01  0.129024E+08  0.128789E+08 -0.761173E+03  0.000000E+00  0.000000E+00  0.128987E+08
  0.170254E-01  0.126936E+08  0.126690E+08 -0.785388E+03  0.000000E+00  0.000000E+00  0.126897E+08
  0.176024E-01  0.124808E+08  0.124550E+08 -0.617020E+03  0.000000E+00  0.000000E+00  0.124767E+08
  0.181989E-01  0.122639E+08  0.122369E+08 -0.536931E+03  0.000000E+00  0.000000E+00  0.122597E+08
  0.188156E-01  0.120431E+08  0.120149E+08 -0.688576E+03  0.000000E+00  0.000000E+00  0.120386E+08
  0.194533E-01  0.118184E+08  0.117890E+08 -0.573711E+03  0.000000E+00  0.000000E+00  0.118138E+08
  0.201125E-01  0.115900E+08  0.115594E+08 -0.527973E+03  0.000000E+00  0.000000E+00  0.115852E+08
  0.207941E-01  0.113580E+08  0.113261E+08 -0.471804E+03  0.000000E+00  0.000000E+00  0.113530E+08
  0.214988E-01  0.111226E+08  0.110894E+08 -0.383503E+03  0.000000E+00  0.000000E+00  0.111174E+08
  0.222274E-01  0.108840E+08  0.108495E+08 -0.447603E+03  0.000000E+00  0.000000E+00  0.108786E+08
  0.229807E-01  0.106424E+08  0.106067E+08 -0.322165E+03  0.000000E+00  0.000000E+00  0.106368E+08
  0.237595E-01  0.103981E+08  0.103611E+08 -0.374816E+03  0.000000E+00  0.000000E+00  0.103923E+08
  0.245647E-01  0.101515E+08  0.101132E+08 -0.303387E+03  0.000000E+00  0.000000E+00  0.101455E+08
  0.253971E-01  0.990279E+07  0.986336E+07 -0.292992E+03  0.000000E+00  0.000000E+00  0.989658E+07
  0.262578E-01  0.965248E+07  0.961192E+07 -0.272533E+03  0.000000E+00  0.000000E+00  0.964610E+07
  0.271477E-01  0.940102E+07  0.935937E+07 -0.275012E+03  0.000000E+00  0.000000E+00  0.939447E+07
  0.280677E-01  0.914889E+07  0.910624E+07 -0.170607E+03  0.000000E+00  0.000000E+00  0.914218E+07
  0.290189E-01  0.889666E+07  0.885310E+07 -0.206834E+03  0.000000E+00  0.000000E+00  0.888980E+07
  0.300023E-01  0.864490E+07  0.860054E+07 -0.182755E+03  0.000000E+00  0.000000E+00  0.863793E+07
  0.310191E-01  0.839428E+07  0.834924E+07 -0.212635E+03  0.000000E+00  0.000000E+00  0.838720E+07
  0.320703E-01  0.814547E+07  0.809989E+07 -0.150625E+03  0.000000E+00  0.000000E+00  0.813830E+07
  0.331571E-01  0.789918E+07  0.785323E+07 -0.148919E+03  0.000000E+00  0.000000E+00  0.789195E+07
  0.342808E-01  0.765617E+07  0.761002E+07 -0.103881E+03  0.000000E+00  0.000000E+00  0.764891E+07
  0.354425E-01  0.741721E+07  0.737105E+07 -0.892638E+02  0.000000E+00  0.000000E+00  0.740994E+07
  0.366436E-01  0.718306E+07  0.713710E+07 -0.116258E+03  0.000000E+00  0.000000E+00  0.717583E+07
  0.378855E-01  0.695449E+07  0.690896E+07 -0.106913E+03  0.000000E+00  0.000000E+00  0.694732E+07
  0.391694E-01  0.673224E+07  0.668736E+07 -0.922349E+02  0.000000E+00  0.000000E+00  0.672518E+07
  0.404968E-01  0.651699E+07  0.647300E+07 -0.881345E+02  0.000000E+00  0.000000E+00  0.651007E+07
  0.418692E-01  0.630938E+07  0.626652E+07 -0.685984E+02  0.000000E+00  0.000000E+00  0.630264E+07
  0.432881E-01  0.610993E+07  0.606843E+07 -0.626278E+02  0.000000E+00  0.000000E+00  0.610340E+07
  0.447310E-01  0.592206E+07  0.588213E+07 -0.558781E+02  0.000000E+00  0.000000E+00  0.591578E+07
  0.461740E-01  0.574830E+07  0.571008E+07 -0.553836E+02  0.000000E+00  0.000000E+00  0.574228E+07
  0.476169E-01  0.558761E+07  0.555122E+07 -0.497513E+02  0.000000E+00  0.000000E+00  0.558188E+07
  0.490599E-01  0.543893E+07  0.540446E+07 -0.595589E+02  0.000000E+00  0.000000E+00  0.543350E+07
  0.505028E-01  0.530117E+07  0.526867E+07 -0.392462E+02  0.000000E+00  0.000000E+00  0.529605E+07
  0.519457E-01  0.517323E+07  0.514273E+07 -0.379053E+02  0.000000E+00  0.000000E+00  0.516843E+07
  0.533887E-01  0.505403E+07  0.502551E+07 -0.446295E+02  0.000000E+00  0.000000E+00  0.504954E+07
  0.548316E-01  0.494251E+07  0.491593E+07 -0.376683E+02  0.000000E+00  0.000000E+00  0.493833E+07
  0.562745E-01  0.483764E+07  0.481294E+07 -0.381114E+02  0.000000E+00  0.000000E+00  0.483376E+07
  0.577175E-01  0.473845E+07  0.471553E+07 -0.245622E+02  0.000000E+00  0.000000E+00  0.473484E+07
  0.591604E-01  0.464402E+07  0.462278E+07 -0.215502E+02  0.000000E+00  0.000000E+00  0.464068E+07
  0.606033E-01  0.455350E+07  0.453381E+07 -0.224559E+02  0.000000E+00  0.000000E+00  0.455040E+07
  0.620463E-01  0.446613E+07  0.444784E+07 -0.286578E+02  0.000000E+00  0.000000E+00  0.446325E+07
  0.634892E-01  0.438121E+07  0.436418E+07 -0.221457E+02  0.000000E+00  0.000000E+00  0.437853E+07
  0.649322E-01  0.429816E+07  0.428221E+07 -0.218234E+02  0.000000E+00  0.000000E+00  0.429565E+07
  0.663751E-01  0.421644E+07  0.420143E+07 -0.150269E+02  0.000000E+00  0.000000E+00  0.421408E+07
  0.678180E-01  0.413566E+07  0.412141E+07 -0.188851E+02  0.000000E+00  0.000000E+00  0.413342E+07
  0.692610E-01  0.405547E+07  0.404182E+07 -0.170557E+02  0.000000E+00  0.000000E+00  0.405332E+07
  0.707039E-01  0.397563E+07  0.396242E+07 -0.134490E+02  0.000000E+00  0.000000E+00  0.397355E+07
  0.721468E-01  0.389598E+07  0.388306E+07 -0.180701E+02  0.000000E+00  0.000000E+00  0.389395E+07
  0.735898E-01  0.381643E+07  0.380367E+07 -0.121990E+02  0.000000E+00  0.000000E+00  0.381442E+07
  0.750327E-01  0.373698E+07  0.372425E+07 -0.342036E+00  0.000000E+00  0.000000E+00  0.373498E+07
  0.764757E-01  0.365773E+07  0.364492E+07 -0.868161E+01  0.000000E+00  0.000000E+00  0.365571E+07
  0.779186E-01  0.357871E+07  0.356573E+07 -0.758736E+01  0.000000E+00  0.000000E+00  0.357667E+07
  0.793615E-01  0.350008E+07  0.348684E+07  0.431744E+01  0.000000E+00  0.000000E+00  0.349800E+07
  0.808045E-01  0.342202E+07  0.340847E+07 -0.287719E+01  0.000000E+00  0.000000E+00  0.341989E+07
  0.822474E-01  0.334474E+07  0.333083E+07 -0.884557E+01  0.000000E+00  0.000000E+00  0.334255E+07
  0.836903E-01  0.326849E+07  0.325419E+07  0.315345E+01  0.000000E+00  0.000000E+00  0.326624E+07
  0.851333E-01  0.319351E+07  0.317881E+07  0.253713E+01  0.000000E+00  0.000000E+00  0.319120E+07
  0.865762E-01  0.312005E+07  0.310496E+07 -0.427297E+01  0.000000E+00  0.000000E+00  0.311768E+07
  0.880191E-01  0.304836E+07  0.303290E+07 -0.301955E+01  0.000000E+00  0.000000E+00  0.304593E+07
  0.894621E-01  0.297868E+07  0.296287E+07 -0.220944E+01  0.000000E+00  0.000000E+00  0.297619E+07
  0.909050E-01  0.291122E+07  0.289512E+07  0.225585E+01  0.000000E+00  0.000000E+00  0.290869E+07
  0.930640E-01  0.281487E+07  0.279842E+07 -0.205923E+01  0.000000E+00  0.000000E+00  0.281228E+07
  0.952231E-01  0.272445E+07  0.270781E+07 -0.116531E+01  0.000000E+00  0.000000E+00  0.272183E+07
  0.973821E-01  0.264035E+07  0.262367E+07 -0.454590E+01  0.000000E+00  0.000000E+00  0.263773E+07
  0.995411E-01  0.256275E+07  0.254621E+07 -0.181737E+01  0.000000E+00  0.000000E+00  0.256015E+07
  0.101700E+00  0.249166E+07  0.247541E+07 -0.253339E+01  0.000000E+00  0.000000E+00  0.248911E+07
  0.103859E+00  0.242690E+07  0.241111E+07 -0.135837E+01  0.000000E+00  0.000000E+00  0.242442E+07
  0.106018E+00  0.236814E+07  0.235294E+07  0.631765E+00  0.000000E+00  0.000000E+00  0.236575E+07
  0.108177E+00  0.231488E+07  0.230039E+07 -0.183775E+01  0.000000E+00  0.000000E+00  0.231260E+07
  0.110336E+00  0.226654E+07  0.225284E+07 -0.998767E+00  0.000000E+00  0.000000E+00  0.226439E+07
  0.112495E+00  0.222242E+07  0.220957E+07 -0.359848E+01  0.000000E+00  0.000000E+00  0.222040E+07
  0.114654E+00  0.218181E+07  0.216983E+07 -0.180557E+01  0.000000E+00  0.000000E+00  0.217993E+07
  0.116813E+00  0.214396E+07  0.213285E+07 -0.214899E+01  0.000000E+00  0.000000E+00  0.214222E+07
  0.118972E+00  0.210810E+07  0.209783E+07 -0.123629E+01  0.000000E+00  0.000000E+00  0.210649E+07
  0.121131E+00  0.207351E+07  0.206402E+07  0.771900E+00  0.000000E+00  0.000000E+00  0.207202E+07
  0.123290E+00  0.203957E+07  0.203077E+07 -0.359836E+00  0.000000E+00  0.000000E+00  0.203819E+07
  0.125449E+00  0.200575E+07  0.199755E+07  0.266540E+00  0.000000E+00  0.000000E+00  0.200446E+07
  0.127608E+00  0.197163E+07  0.196393E+07 -0.200295E+01  0.000000E+00  0.000000E+00  0.197042E+07
  0.129767E+00  0.193691E+07  0.192958E+07 -0.112673E+01  0.000000E+00  0.000000E+00  0.193575E+07
  0.131926E+00  0.190137E+07  0.189431E+07 -0.138822E+01  0.000000E+00  0.000000E+00  0.190026E+07
  0.134085E+00  0.186491E+07  0.185800E+07  0.000000E+00  0.000000E+00  0.000000E+00  0.186382E+07
  0.136244E+00  0.182753E+07  0.182068E+07  0.000000E+00  0.000000E+00  0.000000E+00  0.182645E+07
  0.138403E+00  0.178935E+07  0.178246E+07  0.000000E+00  0.000000E+00  0.000000E+00  0.178827E+07
  0.140563E+00  0.175059E+07  0.174359E+07  0.000000E+00  0.000000E+00  0.000000E+00  0.174949E+07
  0.142722E+00  0.171152E+07  0.170436E+07  0.000000E+00  0.000000E+00  0.000000E+00  0.171039E+07
  0.144881E+00  0.167246E+07  0.166510E+07  0.000000E+00  0.000000E+00  0.000000E+00  0.167130E+07
  0.147040E+00  0.163375E+07  0.162618E+07  0.000000E+00  0.000000E+00  0.000000E+00  0.163256E+07
  0.149199E+00  0.159572E+07  0.158794E+07  0.000000E+00  0.000000E+00  0.000000E+00  0.159450E+07
  0.151358E+00  0.155871E+07  0.155072E+07  0.000000E+00  0.000000E+00  0.000000E+00  0.155745E+07
  0.153517E+00  0.152299E+07  0.151484E+07  0.000000E+00  0.000000E+00  0.000000E+00  0.152171E+07
  0.155676E+00  0.148886E+07  0.148057E+07  0.000000E+00  0.000000E+00  0.000000E+00  0.148755E+07
  0.157835E+00  0.145652E+07  0.144816E+07  0.000000E+00  0.000000E+00  0.000000E+00  0.145520E+07
  0.159994E+00  0.142614E+07  0.141776E+07  0.000000E+00  0.000000E+00  0.000000E+00  0.142482E+07
  0.162153E+00  0.139781E+07  0.138947E+07  0.000000E+00  0.000000E+00  0.000000E+00  0.139649E+07
  0.164312E+00  0.137153E+07  0.136329E+07  0.000000E+00  0.000000E+00  0.000000E+00  0.137023E+07
  0.166471E+00  0.134725E+07  0.133918E+07  0.000000E+00  0.000000E+00  0.000000E+00  0.134598E+07
  0.168630E+00  0.132488E+07  0.131702E+07  0.000000E+00  0.000000E+00  0.000000E+00  0.132365E+07
  0.170789E+00  0.130427E+07  0.129666E+07  0.000000E+00  0.000000E+00  0.000000E+00  0.130308E+07
  0.172948E+00  0.128523E+07  0.127791E+07  0.000000E+00  0.000000E+00  0.000000E+00  0.128408E+07
  0.175107E+00  0.126754E+07  0.126053E+07  0.000000E+00  0.000000E+00  0.000000E+00  0.126644E+07
  0.177266E+00  0.125097E+07  0.124428E+07  0.000000E+00  0.000000E+00  0.000000E+00  0.124992E+07
  0.179425E+00  0.123525E+07  0.122889E+07  0.000000E+00  0.000000E+00  0.000000E+00  0.123425E+07
  0.181584E+00  0.122014E+07  0.121409E+07  0.000000E+00  0.000000E+00  0.000000E+00  0.121919E+07
  0.183743E+00  0.120538E+07  0.119964E+07  0.000000E+00  0.000000E+00  0.000000E+00  0.120448E+07
  0.185902E+00  0.119077E+07  0.118530E+07  0.000000E+00  0.000000E+00  0.000000E+00  0.118991E+07
  0.188061E+00  0.117612E+07  0.117090E+07  0.000000E+00  0.000000E+00  0.000000E+00  0.117530E+07
  0.190220E+00  0.116130E+07  0.115629E+07  0.000000E+00  0.000000E+00  0.000000E+00  0.116051E+07
  0.192379E+00  0.114619E+07  0.114134E+07  0.000000E+00  0.000000E+00  0.000000E+00  0.114542E+07
  0.194538E+00  0.113070E+07  0.112599E+07  0.000000E+00  0.000000E+00  0.000000E+00  0.112996E+07
  0.196697E+00  0.111482E+07  0.111019E+07  0.000000E+00  0.000000E+00  0.000000E+00  0.111409E+07
  0.198856E+00  0.109853E+07  0.109395E+07  0.000000E+00  0.000000E+00  0.000000E+00  0.109781E+07
  0.201015E+00  0.108187E+07  0.107731E+07  0.000000E+00  0.000000E+00  0.000000E+00  0.108115E+07
  0.203174E+00  0.106492E+07  0.106036E+07  0.000000E+00  0.000000E+00  0.000000E+00  0.106420E+07
  0.205333E+00  0.104779E+07  0.104318E+07  0.000000E+00  0.000000E+00  0.000000E+00  0.104706E+07
  0.207492E+00  0.103057E+07  0.102592E+07  0.000000E+00  0.000000E+00  0.000000E+00  0.102984E+07
  0.209651E+00  0.101340E+07  0.100868E+07  0.000000E+00  0.000000E+00  0.000000E+00  0.101265E+07
  0.211810E+00  0.996390E+06  0.991615E+06  0.000000E+00  0.000000E+00  0.000000E+00  0.995639E+06
  0.213969E+00  0.979673E+06  0.974836E+06  0.000000E+00  0.000000E+00  0.000000E+00  0.978912E+06
  0.216128E+00  0.963364E+06  0.958473E+06  0.000000E+00  0.000000E+00  0.000000E+00  0.962594E+06
  0.218287E+00  0.947570E+06  0.942638E+06  0.000000E+00  0.000000E+00  0.000000E+00  0.946795E+06
  0.220446E+00  0.932383E+06  0.927426E+06  0.000000E+00  0.000000E+00  0.000000E+00  0.931603E+06
  0.222605E+00  0.917875E+06  0.912912E+06  0.000000E+00  0.000000E+00  0.000000E+00  0.917094E+06
  0.224764E+00  0.904091E+06  0.899143E+06  0.000000E+00  0.000000E+00  0.000000E+00  0.903312E+06
  0.226923E+00  0.891051E+06  0.886139E+06  0.000000E+00  0.000000E+00  0.000000E+00  0.890278E+06
  0.229082E+00  0.878752E+06  0.873897E+06  0.000000E+00  0.000000E+00  0.000000E+00  0.877988E+06
  0.231241E+00  0.867171E+06  0.862392E+06  0.000000E+00  0.000000E+00  0.000000E+00  0.866419E+06
  0.233400E+00  0.856272E+06  0.851586E+06  0.000000E+00  0.000000E+00  0.000000E+00  0.855534E+06
  0.235559E+00  0.845998E+06  0.841421E+06  0.000000E+00  0.000000E+00  0.000000E+00  0.845278E+06
  0.237718E+00  0.836280E+06  0.831823E+06  0.000000E+00  0.000000E+00  0.000000E+00  0.835579E+06
  0.239877E+00  0.827041E+06  0.822710E+06  0.000000E+00  0.000000E+00  0.000000E+00  0.826359E+06
  0.242036E+00  0.818189E+06  0.813988E+06  0.000000E+00  0.000000E+00  0.000000E+00  0.817528E+06
  0.244195E+00  0.809636E+06  0.805565E+06  0.000000E+00  0.000000E+00  0.000000E+00  0.808995E+06
  0.246355E+00  0.801293E+06  0.797349E+06  0.000000E+00  0.000000E+00  0.000000E+00  0.800672E+06
  0.248514E+00  0.793079E+06  0.789256E+06  0.000000E+00  0.000000E+00  0.000000E+00  0.792478E+06
  0.250673E+00  0.784925E+06  0.781213E+06  0.000000E+00  0.000000E+00  0.000000E+00  0.784341E+06
  0.252832E+00  0.776772E+06  0.773160E+06  0.000000E+00  0.000000E+00  0.000000E+00  0.776204E+06
  0.254991E+00  0.768569E+06  0.765043E+06  0.000000E+00  0.000000E+00  0.000000E+00  0.768014E+06
  0.257150E+00  0.760277E+06  0.756824E+06  0.000000E+00  0.000000E+00  0.000000E+00  0.759734E+06
  0.259309E+00  0.751872E+06  0.748478E+06  0.000000E+00  0.000000E+00  0.000000E+00  0.751338E+06
  0.261468E+00  0.743344E+06  0.739995E+06  0.000000E+00  0.000000E+00  0.000000E+00  0.742817E+06
  0.263627E+00  0.734697E+06  0.731379E+06  0.000000E+00  0.000000E+00  0.000000E+00  0.734175E+06
  0.265786E+00  0.725947E+06  0.722650E+06  0.000000E+00  0.000000E+00  0.000000E+00  0.725429E+06
  0.267945E+00  0.717124E+06  0.713837E+06  0.000000E+00  0.000000E+00  0.000000E+00  0.716607E+06
  0.270104E+00  0.708262E+06  0.704977E+06  0.000000E+00  0.000000E+00  0.000000E+00  0.707745E+06
  0.272263E+00  0.699399E+06  0.696111E+06  0.000000E+00  0.000000E+00  0.000000E+00  0.698882E+06
  0.274422E+00  0.690577E+06  0.687282E+06  0.000000E+00  0.000000E+00  0.000000E+00  0.690059E+06
  0.276581E+00  0.681839E+06  0.678534E+06  0.000000E+00  0.000000E+00  0.000000E+00  0.681319E+06
  0.278740E+00  0.673228E+06  0.669916E+06  0.000000E+00  0.000000E+00  0.000000E+00  0.672707E+06
  0.280899E+00  0.664788E+06  0.661471E+06  0.000000E+00  0.000000E+00  0.000000E+00  0.664266E+06
  0.283058E+00  0.656558E+06  0.653239E+06  0.000000E+00  0.000000E+00  0.000000E+00  0.656035E+06
  0.285217E+00  0.648566E+06  0.645252E+06  0.000000E+00  0.000000E+00  0.000000E+00  0.648045E+06
  0.287376E+00  0.640839E+06  0.637535E+06  0.000000E+00  0.000000E+00  0.000000E+00  0.640319E+06
  0.289535E+00  0.633390E+06  0.630103E+06  0.000000E+00  0.000000E+00  0.000000E+00  0.632873E+06
  0.291694E+00  0.626225E+06  0.622963E+06  0.000000E+00  0.000000E+00  0.000000E+00  0.625712E+06
  0.293853E+00  0.619346E+06  0.616115E+06  0.000000E+00  0.000000E+00  0.000000E+00  0.618838E+06
  0.296012E+00  0.612745E+06  0.609552E+06  0.000000E+00  0.000000E+00  0.000000E+00  0.612243E+06
  0.298171E+00  0.606410E+06  0.603262E+06  0.000000E+00  0.000000E+00  0.000000E+00  0.605915E+06
  0.300330E+00  0.600324E+06  0.597225E+06  0.000000E+00  0.000000E+00  0.000000E+00  0.599837E+06
  0.302489E+00  0.594461E+06  0.591415E+06  0.000000E+00  0.000000E+00  0.000000E+00  0.593982E+06
  0.304648E+00  0.588792E+06  0.585802E+06  0.000000E+00  0.000000E+00  0.000000E+00  0.588322E+06
  0.306807E+00  0.583287E+06  0.580353E+06  0.000000E+00  0.000000E+00  0.000000E+00  0.582826E+06
  0.308966E+00  0.577915E+06  0.575038E+06  0.000000E+00  0.000000E+00  0.000000E+00  0.577462E+06
  0.311125E+00  0.572645E+06  0.569824E+06  0.000000E+00  0.000000E+00  0.000000E+00  0.572202E+06
  0.313284E+00  0.567452E+06  0.564684E+06  0.000000E+00  0.000000E+00  0.000000E+00  0.567017E+06
  0.315443E+00  0.562310E+06  0.559593E+06  0.000000E+00  0.000000E+00  0.000000E+00  0.561883E+06
  0.317602E+00  0.557198E+06  0.554527E+06  0.000000E+00  0.000000E+00  0.000000E+00  0.556778E+06
  0.319761E+00  0.552096E+06  0.549467E+06  0.000000E+00  0.000000E+00  0.000000E+00  0.551682E+06
  0.321920E+00  0.546989E+06  0.544397E+06  0.000000E+00  0.000000E+00  0.000000E+00  0.546581E+06
  0.324079E+00  0.541868E+06  0.539309E+06  0.000000E+00  0.000000E+00  0.000000E+00  0.541465E+06
  0.326238E+00  0.536729E+06  0.534197E+06  0.000000E+00  0.000000E+00  0.000000E+00  0.536331E+06
  0.328397E+00  0.531574E+06  0.529065E+06  0.000000E+00  0.000000E+00  0.000000E+00  0.531179E+06
  0.330556E+00  0.526406E+06  0.523916E+06  0.000000E+00  0.000000E+00  0.000000E+00  0.526015E+06
  0.332715E+00  0.521236E+06  0.518760E+06  0.000000E+00  0.000000E+00  0.000000E+00  0.520846E+06
  0.334874E+00  0.516071E+06  0.513608E+06  0.000000E+00  0.000000E+00  0.000000E+00  0.515684E+06
  0.337033E+00  0.510925E+06  0.508472E+06  0.000000E+00  0.000000E+00  0.000000E+00  0.510539E+06
  0.339192E+00  0.505811E+06  0.503365E+06  0.000000E+00  0.000000E+00  0.000000E+00  0.505426E+06
  0.341351E+00  0.500743E+06  0.498305E+06  0.000000E+00  0.000000E+00  0.000000E+00  0.500359E+06
  0.343510E+00  0.495738E+06  0.493307E+06  0.000000E+00  0.000000E+00  0.000000E+00  0.495355E+06
  0.345669E+00  0.490810E+06  0.488387E+06  0.000000E+00  0.000000E+00  0.000000E+00  0.490429E+06
  0.347828E+00  0.485972E+06  0.483558E+06  0.000000E+00  0.000000E+00  0.000000E+00  0.485592E+06
  0.349988E+00  0.481235E+06  0.478831E+06  0.000000E+00  0.000000E+00  0.000000E+00  0.480856E+06
  0.352147E+00  0.476605E+06  0.474214E+06  0.000000E+00  0.000000E+00  0.000000E+00  0.476229E+06
  0.354306E+00  0.472089E+06  0.469713E+06  0.000000E+00  0.000000E+00  0.000000E+00  0.471716E+06
  0.356465E+00  0.467690E+06  0.465331E+06  0.000000E+00  0.000000E+00  0.000000E+00  0.467319E+06
  0.358624E+00  0.463410E+06  0.461069E+06  0.000000E+00  0.000000E+00  0.000000E+00  0.463042E+06
  0.360783E+00  0.459246E+06  0.456927E+06  0.000000E+00  0.000000E+00  0.000000E+00  0.458881E+06
  0.362942E+00  0.455196E+06  0.452901E+06  0.000000E+00  0.000000E+00  0.000000E+00  0.454835E+06
  0.365101E+00  0.451253E+06  0.448983E+06  0.000000E+00  0.000000E+00  0.000000E+00  0.450896E+06
  0.367260E+00  0.447409E+06  0.445165E+06  0.000000E+00  0.000000E+00  0.000000E+00  0.447056E+06
  0.369419E+00  0.443652E+06  0.441436E+06  0.000000E+00  0.000000E+00  0.000000E+00  0.443304E+06
  0.371578E+00  0.439975E+06  0.437786E+06  0.000000E+00  0.000000E+00  0.000000E+00  0.439631E+06
  0.373737E+00  0.436366E+06  0.434206E+06  0.000000E+00  0.000000E+00  0.000000E+00  0.436026E+06
  0.375896E+00  0.432816E+06  0.430683E+06  0.000000E+00  0.000000E+00  0.000000E+00  0.432481E+06
  0.378055E+00  0.429316E+06  0.427210E+06  0.000000E+00  0.000000E+00  0.000000E+00  0.428984E+06
  0.380214E+00  0.425855E+06  0.423775E+06  0.000000E+00  0.000000E+00  0.000000E+00  0.425528E+06
  0.382373E+00  0.422426E+06  0.420370E+06  0.000000E+00  0.000000E+00  0.000000E+00  0.422102E+06
  0.384532E+00  0.419020E+06  0.416988E+06  0.000000E+00  0.000000E+00  0.000000E+00  0.418700E+06
  0.386691E+00  0.415632E+06  0.413621E+06  0.000000E+00  0.000000E+00  0.000000E+00  0.415316E+06
  0.388850E+00  0.412259E+06  0.410268E+06  0.000000E+00  0.000000E+00  0.000000E+00  0.411946E+06
  0.391009E+00  0.408898E+06  0.406926E+06  0.000000E+00  0.000000E+00  0.000000E+00  0.408588E+06
  0.393168E+00  0.405550E+06  0.403594E+06  0.000000E+00  0.000000E+00  0.000000E+00  0.405243E+06
  0.395327E+00  0.402215E+06  0.400273E+06  0.000000E+00  0.000000E+00  0.000000E+00  0.401910E+06
  0.397486E+00  0.398894E+06  0.396966E+06  0.000000E+00  0.000000E+00  0.000000E+00  0.398591E+06
  0.399645E+00  0.395590E+06  0.393673E+06  0.000000E+00  0.000000E+00  0.000000E+00  0.395288E+06
  0.401804E+00  0.392305E+06  0.390400E+06  0.000000E+00  0.000000E+00  0.000000E+00  0.392005E+06
  0.403963E+00  0.389045E+06  0.387150E+06  0.000000E+00  0.000000E+00  0.000000E+00  0.388747E+06
  0.406122E+00  0.385814E+06  0.383930E+06  0.000000E+00  0.000000E+00  0.000000E+00  0.385518E+06
  0.408281E+00  0.382618E+06  0.380744E+06  0.000000E+00  0.000000E+00  0.000000E+00  0.382323E+06
  0.410440E+00  0.379461E+06  0.377597E+06  0.000000E+00  0.000000E+00  0.000000E+00  0.379168E+06
  0.412599E+00  0.376348E+06  0.374494E+06  0.000000E+00  0.000000E+00  0.000000E+00  0.376056E+06
  0.414758E+00  0.373281E+06  0.371437E+06  0.000000E+00  0.000000E+00  0.000000E+00  0.372991E+06
  0.416917E+00  0.370263E+06  0.368430E+06  0.000000E+00  0.000000E+00  0.000000E+00  0.369975E+06
  0.419076E+00  0.367296E+06  0.365475E+06  0.000000E+00  0.000000E+00  0.000000E+00  0.367010E+06
  0.421235E+00  0.364383E+06  0.362574E+06  0.000000E+00  0.000000E+00  0.000000E+00  0.364098E+06
  0.423394E+00  0.361524E+06  0.359728E+06  0.000000E+00  0.000000E+00  0.000000E+00  0.361241E+06
  0.425553E+00  0.358719E+06  0.356936E+06  0.000000E+00  0.000000E+00  0.000000E+00  0.358438E+06
  0.427712E+00  0.355967E+06  0.354198E+06  0.000000E+00  0.000000E+00  0.000000E+00  0.355688E+06
  0.429871E+00  0.353265E+06  0.351511E+06  0.000000E+00  0.000000E+00  0.000000E+00  0.352989E+06
  0.432030E+00  0.350610E+06  0.348872E+06  0.000000E+00  0.000000E+00  0.000000E+00  0.350337E+06
  0.434189E+00  0.348001E+06  0.346278E+06  0.000000E+00  0.000000E+00  0.000000E+00  0.347730E+06
  0.436348E+00  0.345433E+06  0.343725E+06  0.000000E+00  0.000000E+00  0.000000E+00  0.345164E+06
  0.438507E+00  0.342904E+06  0.341212E+06  0.000000E+00  0.000000E+00  0.000000E+00  0.342637E+06
  0.440666E+00  0.340410E+06  0.338734E+06  0.000000E+00  0.000000E+00  0.000000E+00  0.340146E+06
  0.442825E+00  0.337948E+06  0.336287E+06  0.000000E+00  0.000000E+00  0.000000E+00  0.337686E+06
  0.444984E+00  0.335513E+06  0.333868E+06  0.000000E+00  0.000000E+00  0.000000E+00  0.335254E+06
  0.447143E+00  0.333104E+06  0.331473E+06  0.000000E+00  0.000000E+00  0.000000E+00  0.332847E+06
  0.449302E+00  0.330715E+06  0.329099E+06  0.000000E+00  0.000000E+00  0.000000E+00  0.330461E+06
  0.451461E+00  0.328347E+06  0.326744E+06  0.000000E+00  0.000000E+00  0.000000E+00  0.328095E+06
  0.453620E+00  0.325997E+06  0.324407E+06  0.000000E+00  0.000000E+00  0.000000E+00  0.325747E+06
  0.455780E+00  0.323665E+06  0.322087E+06  0.000000E+00  0.000000E+00  0.000000E+00  0.323417E+06
  0.457939E+00  0.321349E+06  0.319783E+06  0.000000E+00  0.000000E+00  0.000000E+00  0.321103E+06
  0.467436E+00  0.311353E+06  0.309833E+06  0.000000E+00  0.000000E+00  0.000000E+00  0.311114E+06
  0.503375E+00  0.277541E+06  0.276175E+06  0.000000E+00  0.000000E+00  0.000000E+00  0.277326E+06
  0.542078E+00  0.247505E+06  0.246290E+06  0.000000E+00  0.000000E+00  0.000000E+00  0.247314E+06
  0.583757E+00  0.220458E+06  0.219377E+06  0.000000E+00  0.000000E+00  0.000000E+00  0.220288E+06
  0.628640E+00  0.196193E+06  0.195230E+06  0.000000E+00  0.000000E+00  0.000000E+00  0.196042E+06
  0.676974E+00  0.174504E+06  0.173648E+06  0.000000E+00  0.000000E+00  0.000000E+00  0.174369E+06
  0.729024E+00  0.155091E+06  0.154331E+06  0.000000E+00  0.000000E+00  0.000000E+00  0.154972E+06
  0.785076E+00  0.137743E+06  0.137068E+06  0.000000E+00  0.000000E+00  0.000000E+00  0.137637E+06
  0.845438E+00  0.122253E+06  0.121653E+06  0.000000E+00  0.000000E+00  0.000000E+00  0.122159E+06
  0.910441E+00  0.108435E+06  0.107903E+06  0.000000E+00  0.000000E+00  0.000000E+00  0.108351E+06
  0.980441E+00  0.961198E+05  0.956485E+05  0.000000E+00  0.000000E+00  0.000000E+00  0.960457E+05
  0.105582E+01  0.851524E+05  0.847349E+05  0.000000E+00  0.000000E+00  0.000000E+00  0.850867E+05
  0.113700E+01  0.753918E+05  0.750221E+05  0.000000E+00  0.000000E+00  0.000000E+00  0.753336E+05
  0.122442E+01  0.667134E+05  0.663862E+05  0.000000E+00  0.000000E+00  0.000000E+00  0.666619E+05
  0.131856E+01  0.590019E+05  0.587125E+05  0.000000E+00  0.000000E+00  0.000000E+00  0.589563E+05
  0.141994E+01  0.521543E+05  0.518985E+05  0.000000E+00  0.000000E+00  0.000000E+00  0.521141E+05
  0.152912E+01  0.460785E+05  0.458525E+05  0.000000E+00  0.000000E+00  0.000000E+00  0.460429E+05
  0.164669E+01  0.406903E+05  0.404907E+05  0.000000E+00  0.000000E+00  0.000000E+00  0.406589E+05
  0.177330E+01  0.359154E+05  0.357392E+05  0.000000E+00  0.000000E+00  0.000000E+00  0.358877E+05
  0.190964E+01  0.316862E+05  0.315307E+05  0.000000E+00  0.000000E+00  0.000000E+00  0.316618E+05
  0.205646E+01  0.279428E+05  0.278056E+05  0.000000E+00  0.000000E+00  0.000000E+00  0.279212E+05
  0.221458E+01  0.246310E+05  0.245101E+05  0.000000E+00  0.000000E+00  0.000000E+00  0.246120E+05
  0.238485E+01  0.217027E+05  0.215961E+05  0.000000E+00  0.000000E+00  0.000000E+00  0.216860E+05
  0.256821E+01  0.191149E+05  0.190210E+05  0.000000E+00  0.000000E+00  0.000000E+00  0.191001E+05
  0.276567E+01  0.168292E+05  0.167464E+05  0.000000E+00  0.000000E+00  0.000000E+00  0.168161E+05
  0.297832E+01  0.148111E+05  0.147383E+05  0.000000E+00  0.000000E+00  0.000000E+00  0.147997E+05
  0.320731E+01  0.130303E+05  0.129662E+05  0.000000E+00  0.000000E+00  0.000000E+00  0.130202E+05
  0.345391E+01  0.114596E+05  0.114031E+05  0.000000E+00  0.000000E+00  0.000000E+00  0.114507E+05
  0.371947E+01  0.100747E+05  0.100250E+05  0.000000E+00  0.000000E+00  0.000000E+00  0.100669E+05
  0.400545E+01  0.885426E+04  0.881053E+04  0.000000E+00  0.000000E+00  0.000000E+00  0.884738E+04
  0.431341E+01  0.777913E+04  0.774066E+04  0.000000E+00  0.000000E+00  0.000000E+00  0.777308E+04
  0.464505E+01  0.683241E+04  0.679857E+04  0.000000E+00  0.000000E+00  0.000000E+00  0.682709E+04
  0.500220E+01  0.599908E+04  0.596931E+04  0.000000E+00  0.000000E+00  0.000000E+00  0.599439E+04
  0.538680E+01  0.526582E+04  0.523964E+04  0.000000E+00  0.000000E+00  0.000000E+00  0.526170E+04
  0.580097E+01  0.462086E+04  0.459783E+04  0.000000E+00  0.000000E+00  0.000000E+00  0.461724E+04
  0.624699E+01  0.405376E+04  0.403350E+04  0.000000E+00  0.000000E+00  0.000000E+00  0.405058E+04
  0.672730E+01  0.355530E+04  0.353747E+04  0.000000E+00  0.000000E+00  0.000000E+00  0.355249E+04
  0.724453E+01  0.311730E+04  0.310160E+04  0.000000E+00  0.000000E+00  0.000000E+00  0.311483E+04
  0.780154E+01  0.273256E+04  0.271874E+04  0.000000E+00  0.000000E+00  0.000000E+00  0.273039E+04
  0.840138E+01  0.239470E+04  0.238253E+04  0.000000E+00  0.000000E+00  0.000000E+00  0.239279E+04
  0.904733E+01  0.209811E+04  0.208738E+04  0.000000E+00  0.000000E+00  0.000000E+00  0.209642E+04
  0.974295E+01  0.183781E+04  0.182835E+04  0.000000E+00  0.000000E+00  0.000000E+00  0.183633E+04
  0.104920E+02  0.160944E+04  0.160109E+04  0.000000E+00  0.000000E+00  0.000000E+00  0.160812E+04
  0.112987E+02  0.140912E+04  0.140175E+04  0.000000E+00  0.000000E+00  0.000000E+00  0.140796E+04
  0.121675E+02  0.123347E+04  0.122694E+04  0.000000E+00  0.000000E+00  0.000000E+00  0.123244E+04
  0.131030E+02  0.107948E+04  0.107370E+04  0.000000E+00  0.000000E+00  0.000000E+00  0.107857E+04
  0.141104E+02  0.944518E+03  0.939392E+03  0.000000E+00  0.000000E+00  0.000000E+00  0.943712E+03
  0.151953E+02  0.826259E+03  0.821704E+03  0.000000E+00  0.000000E+00  0.000000E+00  0.825543E+03
  0.163636E+02  0.722663E+03  0.718608E+03  0.000000E+00  0.000000E+00  0.000000E+00  0.722025E+03
  0.176218E+02  0.631931E+03  0.628313E+03  0.000000E+00  0.000000E+00  0.000000E+00  0.631362E+03
  0.189767E+02  0.552485E+03  0.549248E+03  0.000000E+00  0.000000E+00  0.000000E+00  0.551976E+03
  0.204357E+02  0.482936E+03  0.480033E+03  0.000000E+00  0.000000E+00  0.000000E+00  0.482479E+03
  0.220070E+02  0.422064E+03  0.419451E+03  0.000000E+00  0.000000E+00  0.000000E+00  0.421653E+03
  0.236990E+02  0.368798E+03  0.366438E+03  0.000000E+00  0.000000E+00  0.000000E+00  0.368427E+03
  0.255211E+02  0.322197E+03  0.320058E+03  0.000000E+00  0.000000E+00  0.000000E+00  0.321860E+03
  0.274834E+02  0.281434E+03  0.279488E+03  0.000000E+00  0.000000E+00  0.000000E+00  0.281128E+03
  0.295965E+02  0.245786E+03  0.244007E+03  0.000000E+00  0.000000E+00  0.000000E+00  0.245506E+03
  0.318720E+02  0.214617E+03  0.212983E+03  0.000000E+00  0.000000E+00  0.000000E+00  0.214360E+03
  0.343226E+02  0.187368E+03  0.185860E+03  0.000000E+00  0.000000E+00  0.000000E+00  0.187131E+03
  0.369615E+02  0.163551E+03  0.162152E+03  0.000000E+00  0.000000E+00  0.000000E+00  0.163331E+03
  0.398033E+02  0.142737E+03  0.141433E+03  0.000000E+00  0.000000E+00  0.000000E+00  0.142532E+03
  0.428637E+02  0.124551E+03  0.123329E+03  0.000000E+00  0.000000E+00  0.000000E+00  0.124359E+03
  0.461593E+02  0.108663E+03  0.107512E+03  0.000000E+00  0.000000E+00  0.000000E+00  0.108482E+03
  0.497084E+02  0.947858E+02  0.936962E+02  0.000000E+00  0.000000E+00  0.000000E+00  0.946144E+02
  0.535303E+02  0.826662E+02  0.816291E+02  0.000000E+00  0.000000E+00  0.000000E+00  0.825031E+02
  0.576460E+02  0.720834E+02  0.710914E+02  0.000000E+00  0.000000E+00  0.000000E+00  0.719273E+02
  0.620782E+02  0.628439E+02  0.618906E+02  0.000000E+00  0.000000E+00  0.000000E+00  0.626939E+02
  0.668512E+02  0.547783E+02  0.538581E+02  0.000000E+00  0.000000E+00  0.000000E+00  0.546335E+02
  0.719912E+02  0.477385E+02  0.468466E+02  0.000000E+00  0.000000E+00  0.000000E+00  0.475982E+02
  0.775263E+02  0.415949E+02  0.407271E+02  0.000000E+00  0.000000E+00  0.000000E+00  0.414584E+02
  0.834871E+02  0.362341E+02  0.353868E+02  0.000000E+00  0.000000E+00  0.000000E+00  0.361008E+02
  0.899061E+02  0.315571E+02  0.307271E+02  0.000000E+00  0.000000E+00  0.000000E+00  0.314265E+02
  0.968187E+02  0.274770E+02  0.266619E+02  0.000000E+00  0.000000E+00  0.000000E+00  0.273488E+02
  0.104263E+03  0.239183E+02  0.231157E+02  0.000000E+00  0.000000E+00  0.000000E+00  0.237921E+02
