   0.104840E-04   0.198177E+08   0.198177E+08   0.264099E+08   0.264095E+08   0.000000E+00   0.198177E+08   0.198177E+08   0.198254E+08  -0.472710E+00   0.104399E+08   0.104399E+08   0.595828E+01
   0.115764E-04   0.198177E+08   0.198177E+08   0.264068E+08   0.264064E+08   0.000000E+00   0.198177E+08   0.198177E+08   0.198254E+08  -0.472710E+00   0.104399E+08   0.104399E+08   0.657892E+01
   0.127826E-04   0.198177E+08   0.198177E+08   0.264032E+08   0.264026E+08   0.000000E+00   0.198177E+08   0.198177E+08   0.198254E+08  -0.472709E+00   0.104399E+08   0.104399E+08   0.726416E+01
   0.141145E-04   0.198177E+08   0.198177E+08   0.263987E+08   0.263980E+08   0.000000E+00   0.198177E+08   0.198177E+08   0.198254E+08  -0.472709E+00   0.104399E+08   0.104399E+08   0.802071E+01
   0.155852E-04   0.198177E+08   0.198177E+08   0.263932E+08   0.263923E+08   0.000000E+00   0.198177E+08   0.198177E+08   0.198254E+08  -0.472709E+00   0.104399E+08   0.104399E+08   0.885596E+01
   0.172091E-04   0.198177E+08   0.198177E+08   0.263865E+08   0.263855E+08   0.000000E+00   0.198177E+08   0.198177E+08   0.198254E+08  -0.472708E+00   0.104399E+08   0.104399E+08   0.977808E+01
   0.190023E-04   0.198176E+08   0.198176E+08   0.263784E+08   0.263771E+08   0.000000E+00   0.198176E+08   0.198176E+08   0.198254E+08  -0.472708E+00   0.104399E+08   0.104399E+08   0.107961E+02
   0.209823E-04   0.198176E+08   0.198176E+08   0.263685E+08   0.263669E+08   0.000000E+00   0.198176E+08   0.198176E+08   0.198254E+08  -0.472707E+00   0.104399E+08   0.104399E+08   0.119198E+02
   0.231685E-04   0.198176E+08   0.198176E+08   0.263564E+08   0.263545E+08   0.000000E+00   0.198176E+08   0.198176E+08   0.198253E+08  -0.472706E+00   0.104399E+08   0.104399E+08   0.131602E+02
   0.255826E-04   0.198176E+08   0.198176E+08   0.263417E+08   0.263393E+08   0.000000E+00   0.198176E+08   0.198176E+08   0.198253E+08  -0.472706E+00   0.104398E+08   0.104398E+08   0.145294E+02
   0.282483E-04   0.198175E+08   0.198175E+08   0.263238E+08   0.263209E+08   0.000000E+00   0.198175E+08   0.198175E+08   0.198253E+08  -0.472705E+00   0.104398E+08   0.104398E+08   0.160404E+02
   0.311917E-04   0.198175E+08   0.198175E+08   0.263019E+08   0.262984E+08   0.000000E+00   0.198175E+08   0.198175E+08   0.198252E+08  -0.472703E+00   0.104398E+08   0.104398E+08   0.177079E+02
   0.344418E-04   0.198174E+08   0.198174E+08   0.262753E+08   0.262710E+08   0.000000E+00   0.198174E+08   0.198174E+08   0.198251E+08  -0.472702E+00   0.104398E+08   0.104398E+08   0.195479E+02
   0.380305E-04   0.198174E+08   0.198174E+08   0.262429E+08   0.262376E+08   0.000000E+00   0.198174E+08   0.198174E+08   0.198251E+08  -0.472700E+00   0.104397E+08   0.104397E+08   0.215777E+02
   0.419932E-04   0.198173E+08   0.198173E+08   0.262034E+08   0.261970E+08   0.000000E+00   0.198173E+08   0.198173E+08   0.198250E+08  -0.472697E+00   0.104397E+08   0.104397E+08   0.238167E+02
   0.463688E-04   0.198172E+08   0.198172E+08   0.261553E+08   0.261475E+08   0.000000E+00   0.198172E+08   0.198172E+08   0.198249E+08  -0.472694E+00   0.104396E+08   0.104396E+08   0.262857E+02
   0.512003E-04   0.198171E+08   0.198171E+08   0.260968E+08   0.260873E+08   0.000000E+00   0.198171E+08   0.198171E+08   0.198247E+08  -0.472691E+00   0.104396E+08   0.104396E+08   0.290076E+02
   0.565352E-04   0.198170E+08   0.198169E+08   0.260257E+08   0.260141E+08   0.000000E+00   0.198170E+08   0.198170E+08   0.198246E+08  -0.472687E+00   0.104395E+08   0.104395E+08   0.320072E+02
   0.624260E-04   0.198168E+08   0.198168E+08   0.259392E+08   0.259251E+08   0.000000E+00   0.198168E+08   0.198168E+08   0.198244E+08  -0.472682E+00   0.104394E+08   0.104394E+08   0.353115E+02
   0.689307E-04   0.198166E+08   0.198166E+08   0.258340E+08   0.258170E+08   0.000000E+00   0.198166E+08   0.198166E+08   0.198241E+08  -0.472675E+00   0.104393E+08   0.104393E+08   0.389496E+02
   0.761131E-04   0.198163E+08   0.198163E+08   0.257064E+08   0.256857E+08   0.000000E+00   0.198163E+08   0.198163E+08   0.198238E+08  -0.472668E+00   0.104392E+08   0.104392E+08   0.429524E+02
   0.840438E-04   0.198160E+08   0.198160E+08   0.255516E+08   0.255264E+08   0.000000E+00   0.198160E+08   0.198160E+08   0.198235E+08  -0.472658E+00   0.104390E+08   0.104390E+08   0.473533E+02
   0.928010E-04   0.198156E+08   0.198156E+08   0.253639E+08   0.253334E+08   0.000000E+00   0.198156E+08   0.198156E+08   0.198231E+08  -0.472647E+00   0.104388E+08   0.104388E+08   0.521872E+02
   0.102471E-03   0.198152E+08   0.198151E+08   0.251369E+08   0.251000E+08   0.000000E+00   0.198152E+08   0.198152E+08   0.198225E+08  -0.472633E+00   0.104386E+08   0.104385E+08   0.574904E+02
   0.113148E-03   0.198146E+08   0.198145E+08   0.248626E+08   0.248180E+08   0.000000E+00   0.198146E+08   0.198146E+08   0.198219E+08  -0.472616E+00   0.104383E+08   0.104382E+08   0.633003E+02
   0.124937E-03   0.198139E+08   0.198139E+08   0.245319E+08   0.244781E+08   0.000000E+00   0.198139E+08   0.198139E+08   0.198211E+08  -0.472595E+00   0.104379E+08   0.104379E+08   0.696542E+02
   0.137956E-03   0.198131E+08   0.198130E+08   0.241342E+08   0.240695E+08   0.000000E+00   0.198131E+08   0.198131E+08   0.198202E+08  -0.472570E+00   0.104375E+08   0.104374E+08   0.765882E+02
   0.152330E-03   0.198121E+08   0.198120E+08   0.236573E+08   0.235797E+08   0.000000E+00   0.198121E+08   0.198121E+08   0.198190E+08  -0.472540E+00   0.104369E+08   0.104369E+08   0.841357E+02
   0.168203E-03   0.198109E+08   0.198107E+08   0.230877E+08   0.229949E+08   0.000000E+00   0.198109E+08   0.198109E+08   0.198176E+08  -0.472503E+00   0.104363E+08   0.104362E+08   0.923244E+02
   0.185729E-03   0.198094E+08   0.198092E+08   0.224103E+08   0.223000E+08   0.000000E+00   0.198094E+08   0.198094E+08   0.198159E+08  -0.472459E+00   0.104355E+08   0.104354E+08   0.101174E+03
   0.205081E-03   0.198076E+08   0.198074E+08   0.216093E+08   0.214788E+08   0.000000E+00   0.198076E+08   0.198076E+08   0.198139E+08  -0.472405E+00   0.104345E+08   0.104344E+08   0.110692E+03
   0.226450E-03   0.198054E+08   0.198051E+08   0.206686E+08   0.205152E+08   0.000000E+00   0.198054E+08   0.198054E+08   0.198114E+08  -0.472340E+00   0.104333E+08   0.104332E+08   0.120867E+03
   0.250046E-03   0.198027E+08   0.198024E+08   0.195732E+08   0.193944E+08   0.000000E+00   0.198027E+08   0.198027E+08   0.198084E+08  -0.472262E+00   0.104319E+08   0.104318E+08   0.131665E+03
   0.276100E-03   0.197995E+08   0.197991E+08   0.183109E+08   0.181046E+08   0.000000E+00   0.197995E+08   0.197995E+08   0.198048E+08  -0.472167E+00   0.104302E+08   0.104300E+08   0.143019E+03
   0.304869E-03   0.197956E+08   0.197951E+08   0.168748E+08   0.166398E+08   0.000000E+00   0.197956E+08   0.197956E+08   0.198005E+08  -0.472055E+00   0.104281E+08   0.104279E+08   0.154822E+03
   0.336635E-03   0.197909E+08   0.197903E+08   0.152670E+08   0.150035E+08   0.000000E+00   0.197908E+08   0.197908E+08   0.197953E+08  -0.471919E+00   0.104256E+08   0.104254E+08   0.166916E+03
   0.371712E-03   0.197853E+08   0.197846E+08   0.135027E+08   0.132131E+08   0.000000E+00   0.197852E+08   0.197852E+08   0.197891E+08  -0.471758E+00   0.104225E+08   0.104223E+08   0.179083E+03
   0.410443E-03   0.197785E+08   0.197776E+08   0.116145E+08   0.113040E+08   0.000000E+00   0.197783E+08   0.197783E+08   0.197817E+08  -0.471567E+00   0.104189E+08   0.104186E+08   0.191037E+03
   0.453210E-03   0.197703E+08   0.197693E+08   0.965671E+07   0.933427E+07   0.000000E+00   0.197702E+08   0.197702E+08   0.197730E+08  -0.471342E+00   0.104145E+08   0.104142E+08   0.202422E+03
   0.500433E-03   0.197606E+08   0.197594E+08   0.770704E+07   0.738567E+07   0.000000E+00   0.197604E+08   0.197604E+08   0.197626E+08  -0.471077E+00   0.104093E+08   0.104090E+08   0.212816E+03
   0.552577E-03   0.197490E+08   0.197476E+08   0.586397E+07   0.556056E+07   0.000000E+00   0.197488E+08   0.197488E+08   0.197505E+08  -0.470767E+00   0.104030E+08   0.104027E+08   0.221748E+03
   0.610154E-03   0.197352E+08   0.197336E+08   0.423656E+07   0.397044E+07   0.000000E+00   0.197350E+08   0.197350E+08   0.197362E+08  -0.470406E+00   0.103957E+08   0.103952E+08   0.228724E+03
   0.673731E-03   0.197190E+08   0.197170E+08   0.292460E+07   0.271452E+07   0.000000E+00   0.197187E+08   0.197187E+08   0.197195E+08  -0.469988E+00   0.103869E+08   0.103865E+08   0.233282E+03
   0.743932E-03   0.196999E+08   0.196976E+08   0.199009E+07   0.184954E+07   0.000000E+00   0.196995E+08   0.196995E+08   0.197001E+08  -0.469506E+00   0.103767E+08   0.103762E+08   0.235045E+03
   0.821448E-03   0.196775E+08   0.196749E+08   0.142725E+07   0.135896E+07   0.000000E+00   0.196771E+08   0.196771E+08   0.196775E+08  -0.468950E+00   0.103647E+08   0.103641E+08   0.233781E+03
   0.907040E-03   0.196513E+08   0.196485E+08   0.114723E+07   0.113916E+07   0.000000E+00   0.196509E+08   0.196509E+08   0.196512E+08  -0.468311E+00   0.103508E+08   0.103501E+08   0.229446E+03
   0.100155E-02   0.196210E+08   0.196178E+08   0.998683E+06   0.102484E+07   0.000000E+00   0.196205E+08   0.196205E+08   0.196208E+08  -0.467576E+00   0.103346E+08   0.103339E+08   0.222177E+03
   0.110591E-02   0.195858E+08   0.195824E+08   0.834931E+06   0.863632E+06   0.000000E+00   0.195853E+08   0.195853E+08   0.195855E+08  -0.466730E+00   0.103159E+08   0.103152E+08   0.212256E+03
   0.122114E-02   0.195453E+08   0.195416E+08   0.601420E+06   0.609540E+06   0.000000E+00   0.195447E+08   0.195447E+08   0.195449E+08  -0.465756E+00   0.102945E+08   0.102937E+08   0.200035E+03
   0.134838E-02   0.194986E+08   0.194948E+08   0.369292E+06   0.353833E+06   0.000000E+00   0.194980E+08   0.194980E+08   0.194981E+08  -0.464638E+00   0.102698E+08   0.102690E+08   0.185917E+03
   0.148888E-02   0.194451E+08   0.194411E+08   0.246057E+06   0.222000E+06   0.000000E+00   0.194445E+08   0.194445E+08   0.194446E+08  -0.463357E+00   0.102415E+08   0.102407E+08   0.170405E+03
   0.164402E-02   0.193839E+08   0.193798E+08   0.223599E+06  -0.175097E+06   0.000000E+00   0.193833E+08   0.193833E+08   0.193833E+08  -0.461893E+00   0.102092E+08   0.102084E+08   0.154179E+03
   0.181532E-02   0.193141E+08   0.193100E+08   0.178093E+06  -0.143078E+06   0.000000E+00   0.193134E+08   0.193134E+08   0.193134E+08  -0.460227E+00   0.101724E+08   0.101716E+08   0.138067E+03
   0.200447E-02   0.192347E+08   0.192306E+08   0.827789E+05  -0.116856E+06   0.000000E+00   0.192340E+08   0.192340E+08   0.192340E+08  -0.458332E+00   0.101305E+08   0.101298E+08   0.122857E+03
   0.221333E-02   0.191446E+08   0.191405E+08   0.523176E+05  -0.953867E+05   0.000000E+00   0.191440E+08   0.191440E+08   0.191440E+08  -0.456185E+00   0.100830E+08   0.100823E+08   0.109148E+03
   0.244396E-02   0.190428E+08   0.190387E+08   0.625401E+05  -0.778131E+05   0.000000E+00   0.190421E+08   0.190421E+08   0.190421E+08  -0.453756E+00   0.100293E+08   0.100286E+08   0.973330E+02
   0.269861E-02   0.189279E+08   0.189237E+08   0.234507E+05  -0.634323E+05   0.000000E+00   0.189273E+08   0.189273E+08   0.189273E+08  -0.451019E+00   0.996882E+07   0.996811E+07   0.874840E+02
   0.297980E-02   0.187989E+08   0.187945E+08   0.209311E+05  -0.516687E+05   0.000000E+00   0.187982E+08   0.187982E+08   0.187982E+08  -0.447942E+00   0.990080E+07   0.990010E+07   0.792384E+02
   0.329029E-02   0.186543E+08   0.186497E+08   0.103155E+05  -0.420500E+05   0.000000E+00   0.186535E+08   0.186535E+08   0.186535E+08  -0.444494E+00   0.982460E+07   0.982389E+07   0.720177E+02
   0.363312E-02   0.184928E+08   0.184879E+08   0.317468E+04  -0.341888E+05   0.000000E+00   0.184920E+08   0.184920E+08   0.184920E+08  -0.440645E+00   0.973951E+07   0.973880E+07   0.652705E+02
   0.401169E-02   0.183130E+08   0.183079E+08  -0.518897E+03  -0.277676E+05   0.000000E+00   0.183122E+08   0.183122E+08   0.183122E+08  -0.436360E+00   0.964480E+07   0.964410E+07   0.587773E+02
   0.442969E-02   0.181136E+08   0.181082E+08   0.185443E+04  -0.225258E+05   0.000000E+00   0.181128E+08   0.181128E+08   0.181128E+08  -0.431607E+00   0.953974E+07   0.953904E+07   0.527093E+02
   0.489126E-02   0.178931E+08   0.178873E+08  -0.553870E+04  -0.182498E+05   0.000000E+00   0.178922E+08   0.178922E+08   0.178922E+08  -0.426350E+00   0.942355E+07   0.942286E+07   0.473507E+02
   0.540091E-02   0.176500E+08   0.176437E+08  -0.568731E+04  -0.147645E+05   0.000000E+00   0.176490E+08   0.176490E+08   0.176490E+08  -0.420556E+00   0.929548E+07   0.929479E+07   0.427122E+02
   0.596367E-02   0.173830E+08   0.173760E+08  -0.249152E+04  -0.119261E+05   0.000000E+00   0.173819E+08   0.173819E+08   0.173819E+08  -0.414190E+00   0.915478E+07   0.915409E+07   0.385291E+02
   0.658507E-02   0.170905E+08   0.170829E+08  -0.397389E+04  -0.961675E+04   0.000000E+00   0.170893E+08   0.170893E+08   0.170893E+08  -0.407218E+00   0.900068E+07   0.900000E+07   0.346447E+02
   0.727122E-02   0.167712E+08   0.167628E+08  -0.359053E+04  -0.773995E+04   0.000000E+00   0.167699E+08   0.167699E+08   0.167699E+08  -0.399607E+00   0.883244E+07   0.883176E+07   0.311671E+02
   0.802886E-02   0.164237E+08   0.164142E+08  -0.347038E+04  -0.621647E+04   0.000000E+00   0.164222E+08   0.164222E+08   0.164222E+08  -0.391321E+00   0.864930E+07   0.864863E+07   0.281092E+02
   0.886544E-02   0.160464E+08   0.160357E+08  -0.259091E+04  -0.498140E+04   0.000000E+00   0.160448E+08   0.160448E+08   0.160448E+08  -0.382328E+00   0.845052E+07   0.844985E+07   0.253328E+02
   0.978920E-02   0.156381E+08   0.156260E+08  -0.195398E+04  -0.398160E+04   0.000000E+00   0.156362E+08   0.156362E+08   0.156362E+08  -0.372593E+00   0.823537E+07   0.823470E+07   0.228537E+02
   0.108092E-01   0.151974E+08   0.151836E+08  -0.195728E+04  -0.317351E+04   0.000000E+00   0.151953E+08   0.151953E+08   0.151953E+08  -0.362085E+00   0.800311E+07   0.800244E+07   0.206538E+02
   0.119355E-01   0.147230E+08   0.147072E+08  -0.164588E+04  -0.252151E+04   0.000000E+00   0.147205E+08   0.147205E+08   0.147205E+08  -0.350772E+00   0.775307E+07   0.775240E+07   0.186825E+02
   0.131791E-01   0.142136E+08   0.141956E+08  -0.129004E+04  -0.199648E+04   0.000000E+00   0.142108E+08   0.142108E+08   0.142108E+08  -0.338626E+00   0.748461E+07   0.748394E+07   0.169339E+02
   0.145524E-01   0.136684E+08   0.136477E+08  -0.105582E+04  -0.157459E+04   0.000000E+00   0.136651E+08   0.136651E+08   0.136651E+08  -0.325624E+00   0.719722E+07   0.719655E+07   0.153723E+02
   0.160687E-01   0.130867E+08   0.130631E+08  -0.992978E+03  -0.123643E+04   0.000000E+00   0.130830E+08   0.130830E+08   0.130830E+08  -0.311751E+00   0.689061E+07   0.688993E+07   0.139780E+02
   0.177430E-01   0.124685E+08   0.124417E+08  -0.687381E+03  -0.966144E+03   0.000000E+00   0.124643E+08   0.124643E+08   0.124643E+08  -0.297010E+00   0.656478E+07   0.656411E+07   0.127260E+02
   0.195918E-01   0.118150E+08   0.117847E+08  -0.616825E+03  -0.750832E+03   0.000000E+00   0.118103E+08   0.118103E+08   0.118103E+08  -0.281424E+00   0.622030E+07   0.621962E+07   0.115909E+02
   0.216332E-01   0.111286E+08   0.110946E+08  -0.437761E+03  -0.579999E+03   0.000000E+00   0.111233E+08   0.111233E+08   0.111233E+08  -0.265054E+00   0.585848E+07   0.585779E+07   0.105482E+02
   0.238873E-01   0.104138E+08   0.103761E+08  -0.333451E+03  -0.445112E+03   0.000000E+00   0.104079E+08   0.104079E+08   0.104079E+08  -0.248008E+00   0.548172E+07   0.548103E+07   0.957269E+01
   0.263763E-01   0.967790E+07   0.963674E+07  -0.250631E+03  -0.339243E+03   0.000000E+00   0.967146E+07   0.967146E+07   0.967146E+07  -0.230459E+00   0.509384E+07   0.509316E+07   0.864017E+01
   0.291247E-01   0.893140E+07   0.888733E+07  -0.201301E+03  -0.256753E+03   0.000000E+00   0.892451E+07   0.892451E+07   0.892451E+07  -0.212660E+00   0.470044E+07   0.469976E+07   0.772837E+01
   0.321594E-01   0.818851E+07   0.814248E+07  -0.168411E+03  -0.193048E+03   0.000000E+00   0.818131E+07   0.818131E+07   0.818131E+07  -0.194951E+00   0.430901E+07   0.430835E+07   0.681932E+01
   0.355103E-01   0.746683E+07   0.742021E+07  -0.127449E+03  -0.144367E+03   0.000000E+00   0.745954E+07   0.745954E+07   0.745954E+07  -0.177752E+00   0.392887E+07   0.392824E+07   0.590238E+01
   0.392104E-01   0.678604E+07   0.674060E+07  -0.905422E+02  -0.107603E+03   0.000000E+00   0.677894E+07   0.677894E+07   0.677894E+07  -0.161534E+00   0.357040E+07   0.356982E+07   0.497789E+01
   0.432960E-01   0.616509E+07   0.612289E+07  -0.774461E+02  -0.801758E+02   0.000000E+00   0.615849E+07   0.615849E+07   0.615849E+07  -0.146749E+00   0.324362E+07   0.324309E+07   0.406076E+01
   0.476256E-01   0.563564E+07   0.559844E+07  -0.593991E+02  -0.605722E+02   0.000000E+00   0.562982E+07   0.562982E+07   0.562982E+07  -0.134152E+00   0.296517E+07   0.296471E+07   0.321468E+01
   0.519552E-01   0.521829E+07   0.518690E+07  -0.462188E+02  -0.471317E+02   0.000000E+00   0.521338E+07   0.521338E+07   0.521338E+07  -0.124229E+00   0.274583E+07   0.274544E+07   0.250884E+01
   0.562848E-01   0.487873E+07   0.485312E+07  -0.368227E+02  -0.375500E+02   0.000000E+00   0.487472E+07   0.487472E+07   0.487472E+07  -0.116159E+00   0.256746E+07   0.256713E+07   0.194664E+01
   0.606144E-01   0.459260E+07   0.457206E+07  -0.298911E+02  -0.304815E+02   0.000000E+00   0.458938E+07   0.458938E+07   0.458938E+07  -0.109359E+00   0.241717E+07   0.241689E+07   0.152437E+01
   0.649440E-01   0.433678E+07   0.432011E+07  -0.245901E+02  -0.250758E+02   0.000000E+00   0.433417E+07   0.433417E+07   0.433417E+07  -0.103278E+00   0.228274E+07   0.228251E+07   0.122818E+01
   0.692736E-01   0.409479E+07   0.408057E+07  -0.204075E+02  -0.208106E+02   0.000000E+00   0.409257E+07   0.409257E+07   0.409257E+07  -0.975210E-01   0.215550E+07   0.215528E+07   0.103715E+01
   0.736032E-01   0.385679E+07   0.384363E+07  -0.170267E+02  -0.173630E+02   0.000000E+00   0.385474E+07   0.385474E+07   0.385474E+07  -0.918537E-01   0.203023E+07   0.203003E+07   0.926043E+00
   0.779328E-01   0.361979E+07   0.360655E+07  -0.142537E+02  -0.145352E+02   0.000000E+00   0.361772E+07   0.361772E+07   0.361772E+07  -0.862059E-01   0.190540E+07   0.190520E+07   0.868579E+00
   0.822624E-01   0.338633E+07   0.337227E+07  -0.119670E+02  -0.122033E+02   0.000000E+00   0.338413E+07   0.338413E+07   0.338413E+07  -0.806398E-01   0.178238E+07   0.178217E+07   0.840464E+00
   0.865920E-01   0.316177E+07   0.314657E+07  -0.100831E+02  -0.102823E+02   0.000000E+00   0.315939E+07   0.315939E+07   0.315939E+07  -0.752845E-01   0.166401E+07   0.166380E+07   0.821671E+00
   0.909216E-01   0.295197E+07   0.293575E+07  -0.853809E+01  -0.870673E+01   0.000000E+00   0.294944E+07   0.294944E+07   0.294944E+07  -0.702815E-01   0.155343E+07   0.155322E+07   0.797897E+00
   0.963182E-01   0.271915E+07   0.270227E+07  -0.700742E+01  -0.714582E+01   0.000000E+00   0.271651E+07   0.271651E+07   0.271651E+07  -0.647312E-01   0.143076E+07   0.143054E+07   0.749621E+00
   0.101715E+00   0.252485E+07   0.250828E+07  -0.583428E+01  -0.594951E+01   0.000000E+00   0.252226E+07   0.252226E+07   0.252226E+07  -0.601024E-01   0.132845E+07   0.132824E+07   0.678088E+00
   0.107111E+00   0.237015E+07   0.235486E+07  -0.493890E+01  -0.503644E+01   0.000000E+00   0.236776E+07   0.236776E+07   0.236776E+07  -0.564209E-01   0.124708E+07   0.124689E+07   0.589821E+00
   0.112508E+00   0.224866E+07   0.223529E+07  -0.424725E+01  -0.433114E+01   0.000000E+00   0.224656E+07   0.224656E+07   0.224656E+07  -0.535329E-01   0.118324E+07   0.118307E+07   0.496380E+00
   0.117905E+00   0.214965E+07   0.213843E+07  -0.369741E+01  -0.377044E+01   0.000000E+00   0.214789E+07   0.214789E+07   0.214789E+07  -0.511817E-01   0.113127E+07   0.113112E+07   0.409889E+00
   0.123301E+00   0.206236E+07   0.205309E+07  -0.324386E+01  -0.330793E+01   0.000000E+00   0.206091E+07   0.206091E+07   0.206091E+07  -0.491089E-01   0.108545E+07   0.108533E+07   0.339624E+00
   0.128698E+00   0.197783E+07   0.196997E+07  -0.285568E+01  -0.291209E+01   0.000000E+00   0.197660E+07   0.197660E+07   0.197660E+07  -0.471001E-01   0.104105E+07   0.104094E+07   0.290053E+00
   0.134095E+00   0.188980E+07   0.188266E+07  -0.251344E+01  -0.256309E+01   0.000000E+00   0.188868E+07   0.188868E+07   0.188868E+07  -0.450050E-01   0.994743E+06   0.994638E+06   0.260571E+00
   0.139491E+00   0.179608E+07   0.178902E+07  -0.220750E+01  -0.225110E+01   0.000000E+00   0.179498E+07   0.179498E+07   0.179498E+07  -0.427721E-01   0.945389E+06   0.945285E+06   0.246700E+00
   0.144888E+00   0.169893E+07   0.169152E+07  -0.193533E+01  -0.197356E+01   0.000000E+00   0.169777E+07   0.169777E+07   0.169777E+07  -0.404558E-01   0.894193E+06   0.894087E+06   0.241987E+00
   0.150284E+00   0.160315E+07   0.159522E+07  -0.169730E+01  -0.173082E+01   0.000000E+00   0.160191E+07   0.160191E+07   0.160191E+07  -0.381716E-01   0.843707E+06   0.843599E+06   0.239902E+00
   0.155681E+00   0.151371E+07   0.150535E+07  -0.149331E+01  -0.152280E+01   0.000000E+00   0.151240E+07   0.151240E+07   0.151240E+07  -0.360386E-01   0.796563E+06   0.796453E+06   0.235329E+00
   0.161078E+00   0.143441E+07   0.142591E+07  -0.132178E+01  -0.134788E+01   0.000000E+00   0.143308E+07   0.143308E+07   0.143308E+07  -0.341486E-01   0.754788E+06   0.754679E+06   0.225441E+00
   0.166474E+00   0.136737E+07   0.135908E+07  -0.117961E+01  -0.120291E+01   0.000000E+00   0.136608E+07   0.136608E+07   0.136608E+07  -0.325519E-01   0.719497E+06   0.719393E+06   0.209849E+00
   0.171871E+00   0.131244E+07   0.130469E+07  -0.106226E+01  -0.108324E+01   0.000000E+00   0.131123E+07   0.131123E+07   0.131123E+07  -0.312451E-01   0.690611E+06   0.690513E+06   0.190092E+00
   0.177268E+00   0.126727E+07   0.126028E+07  -0.964247E+00  -0.983292E+00   0.000000E+00   0.126618E+07   0.126618E+07   0.126618E+07  -0.301715E-01   0.666881E+06   0.666791E+06   0.168767E+00
   0.182664E+00   0.122822E+07   0.122203E+07  -0.880184E+00  -0.897569E+00   0.000000E+00   0.122725E+07   0.122725E+07   0.122725E+07  -0.292440E-01   0.646379E+06   0.646298E+06   0.148611E+00
   0.188061E+00   0.119157E+07   0.118609E+07  -0.805661E+00  -0.821574E+00   0.000000E+00   0.119071E+07   0.119071E+07   0.119071E+07  -0.283733E-01   0.627134E+06   0.627059E+06   0.131770E+00
   0.193457E+00   0.115443E+07   0.114945E+07  -0.737634E+00  -0.752204E+00   0.000000E+00   0.115365E+07   0.115365E+07   0.115365E+07  -0.274900E-01   0.607611E+06   0.607542E+06   0.119361E+00
   0.198854E+00   0.111520E+07   0.111048E+07  -0.674423E+00  -0.687745E+00   0.000000E+00   0.111446E+07   0.111446E+07   0.111446E+07  -0.265562E-01   0.586970E+06   0.586904E+06   0.111382E+00
   0.204251E+00   0.107371E+07   0.106904E+07  -0.615464E+00  -0.627621E+00   0.000000E+00   0.107298E+07   0.107298E+07   0.107298E+07  -0.255677E-01   0.565122E+06   0.565057E+06   0.106922E+00
   0.209647E+00   0.103097E+07   0.102621E+07  -0.560914E+00  -0.571994E+00   0.000000E+00   0.103023E+07   0.103023E+07   0.103023E+07  -0.245490E-01   0.542606E+06   0.542541E+06   0.104550E+00
   0.215044E+00   0.988720E+06   0.983804E+06  -0.511244E+00  -0.521342E+00   0.000000E+00   0.987951E+06   0.987951E+06   0.987951E+06  -0.235417E-01   0.520341E+06   0.520275E+06   0.102768E+00
   0.220441E+00   0.948827E+06   0.943799E+06  -0.466869E+00  -0.476090E+00   0.000000E+00   0.948041E+06   0.948041E+06   0.948041E+06  -0.225907E-01   0.499322E+06   0.499255E+06   0.100373E+00
   0.225837E+00   0.912730E+06   0.907691E+06  -0.427887E+00  -0.436338E+00   0.000000E+00   0.911942E+06   0.911942E+06   0.911942E+06  -0.217305E-01   0.480309E+06   0.480243E+06   0.966791E-01
   0.231234E+00   0.881080E+06   0.876157E+06  -0.393991E+00  -0.401773E+00   0.000000E+00   0.880310E+06   0.880310E+06   0.880310E+06  -0.209767E-01   0.463649E+06   0.463585E+06   0.915638E-01
   0.236630E+00   0.853744E+06   0.849053E+06  -0.364557E+00  -0.371757E+00   0.000000E+00   0.853010E+06   0.853010E+06   0.853010E+06  -0.203262E-01   0.449270E+06   0.449210E+06   0.853790E-01
   0.242027E+00   0.829981E+06   0.825593E+06  -0.338790E+00  -0.345481E+00   0.000000E+00   0.829294E+06   0.829294E+06   0.829294E+06  -0.197611E-01   0.436779E+06   0.436722E+06   0.787609E-01
   0.247424E+00   0.808602E+06   0.804538E+06  -0.315833E+00  -0.322071E+00   0.000000E+00   0.807966E+06   0.807966E+06   0.807966E+06  -0.192529E-01   0.425546E+06   0.425492E+06   0.724043E-01
   0.252820E+00   0.788240E+06   0.784466E+06  -0.294885E+00  -0.300710E+00   0.000000E+00   0.787649E+06   0.787649E+06   0.787649E+06  -0.187687E-01   0.414845E+06   0.414794E+06   0.668701E-01
   0.258217E+00   0.767767E+06   0.764214E+06  -0.275352E+00  -0.280790E+00   0.000000E+00   0.767212E+06   0.767212E+06   0.767212E+06  -0.182817E-01   0.404080E+06   0.404032E+06   0.624717E-01
   0.263613E+00   0.746637E+06   0.743219E+06  -0.256924E+00  -0.261999E+00   0.000000E+00   0.746102E+06   0.746102E+06   0.746102E+06  -0.177787E-01   0.392962E+06   0.392915E+06   0.592465E-01
   0.269010E+00   0.724870E+06   0.721510E+06  -0.239525E+00  -0.244256E+00   0.000000E+00   0.724344E+06   0.724344E+06   0.724344E+06  -0.172602E-01   0.381503E+06   0.381457E+06   0.569954E-01
   0.274407E+00   0.702829E+06   0.699473E+06  -0.223192E+00  -0.227601E+00   0.000000E+00   0.702304E+06   0.702304E+06   0.702304E+06  -0.167350E-01   0.369894E+06   0.369849E+06   0.553683E-01
   0.279803E+00   0.681050E+06   0.677677E+06  -0.208009E+00  -0.212118E+00   0.000000E+00   0.680522E+06   0.680522E+06   0.680522E+06  -0.162160E-01   0.358423E+06   0.358377E+06   0.539753E-01
   0.285200E+00   0.660157E+06   0.656775E+06  -0.194065E+00  -0.197898E+00   0.000000E+00   0.659628E+06   0.659628E+06   0.659628E+06  -0.157181E-01   0.347418E+06   0.347373E+06   0.524891E-01
   0.290597E+00   0.640714E+06   0.637357E+06  -0.181416E+00  -0.185000E+00   0.000000E+00   0.640189E+06   0.640189E+06   0.640189E+06  -0.152549E-01   0.337180E+06   0.337136E+06   0.507097E-01
   0.295993E+00   0.623034E+06   0.619744E+06  -0.170035E+00  -0.173394E+00   0.000000E+00   0.622520E+06   0.622520E+06   0.622520E+06  -0.148339E-01   0.327874E+06   0.327830E+06   0.485829E-01
   0.301390E+00   0.607080E+06   0.603895E+06  -0.159802E+00  -0.162958E+00   0.000000E+00   0.606582E+06   0.606582E+06   0.606582E+06  -0.144541E-01   0.319479E+06   0.319437E+06   0.461807E-01
   0.306786E+00   0.592546E+06   0.589495E+06  -0.150539E+00  -0.153512E+00   0.000000E+00   0.592069E+06   0.592069E+06   0.592069E+06  -0.141083E-01   0.311835E+06   0.311795E+06   0.436576E-01
   0.312183E+00   0.579019E+06   0.576110E+06  -0.142062E+00  -0.144868E+00   0.000000E+00   0.578564E+06   0.578564E+06   0.578564E+06  -0.137865E-01   0.304723E+06   0.304684E+06   0.411971E-01
   0.317580E+00   0.566080E+06   0.563303E+06  -0.134210E+00  -0.136861E+00   0.000000E+00   0.565646E+06   0.565646E+06   0.565646E+06  -0.134787E-01   0.297918E+06   0.297881E+06   0.389587E-01
   0.322976E+00   0.553357E+06   0.550690E+06  -0.126847E+00  -0.129353E+00   0.000000E+00   0.552940E+06   0.552940E+06   0.552940E+06  -0.131759E-01   0.291226E+06   0.291191E+06   0.370411E-01
   0.328373E+00   0.540593E+06   0.538006E+06  -0.119882E+00  -0.122250E+00   0.000000E+00   0.540188E+06   0.540188E+06   0.540188E+06  -0.128720E-01   0.284510E+06   0.284475E+06   0.354679E-01
   0.333770E+00   0.527715E+06   0.525180E+06  -0.113272E+00  -0.115510E+00   0.000000E+00   0.527319E+06   0.527319E+06   0.527319E+06  -0.125654E-01   0.277732E+06   0.277698E+06   0.341963E-01
   0.339166E+00   0.514838E+06   0.512333E+06  -0.107019E+00  -0.109133E+00   0.000000E+00   0.514446E+06   0.514446E+06   0.514446E+06  -0.122586E-01   0.270952E+06   0.270919E+06   0.331395E-01
   0.344563E+00   0.502168E+06   0.499683E+06  -0.101140E+00  -0.103137E+00   0.000000E+00   0.501779E+06   0.501779E+06   0.501779E+06  -0.119568E-01   0.264281E+06   0.264247E+06   0.321929E-01
   0.349959E+00   0.489909E+06   0.487445E+06  -0.956500E-01  -0.975392E-01   0.000000E+00   0.489524E+06   0.489524E+06   0.489524E+06  -0.116648E-01   0.257826E+06   0.257793E+06   0.312616E-01
   0.355356E+00   0.478231E+06   0.475797E+06  -0.905549E-01  -0.923435E-01   0.000000E+00   0.477850E+06   0.477850E+06   0.477850E+06  -0.113866E-01   0.251678E+06   0.251646E+06   0.302805E-01
   0.360753E+00   0.467255E+06   0.464865E+06  -0.858490E-01  -0.875446E-01   0.000000E+00   0.466881E+06   0.466881E+06   0.466881E+06  -0.111252E-01   0.245901E+06   0.245869E+06   0.292242E-01
   0.366149E+00   0.457013E+06   0.454678E+06  -0.815103E-01  -0.831202E-01   0.000000E+00   0.456648E+06   0.456648E+06   0.456648E+06  -0.108814E-01   0.240511E+06   0.240480E+06   0.281039E-01
   0.371546E+00   0.447420E+06   0.445152E+06  -0.774984E-01  -0.790291E-01   0.000000E+00   0.447065E+06   0.447065E+06   0.447065E+06  -0.106530E-01   0.235464E+06   0.235434E+06   0.269562E-01
   0.376943E+00   0.438323E+06   0.436125E+06  -0.737649E-01  -0.752219E-01   0.000000E+00   0.437980E+06   0.437980E+06   0.437980E+06  -0.104365E-01   0.230678E+06   0.230649E+06   0.258289E-01
   0.382339E+00   0.429572E+06   0.427441E+06  -0.702662E-01  -0.716541E-01   0.000000E+00   0.429238E+06   0.429238E+06   0.429238E+06  -0.102282E-01   0.226074E+06   0.226046E+06   0.247676E-01
   0.387736E+00   0.421041E+06   0.418971E+06  -0.669675E-01  -0.682902E-01   0.000000E+00   0.420718E+06   0.420718E+06   0.420718E+06  -0.100252E-01   0.221587E+06   0.221559E+06   0.238043E-01
   0.393132E+00   0.412636E+06   0.410616E+06  -0.638413E-01  -0.651023E-01   0.000000E+00   0.412320E+06   0.412320E+06   0.412320E+06  -0.982509E-02   0.217164E+06   0.217137E+06   0.229512E-01
   0.398529E+00   0.404301E+06   0.402322E+06  -0.608692E-01  -0.620715E-01   0.000000E+00   0.403992E+06   0.403992E+06   0.403992E+06  -0.962663E-02   0.212777E+06   0.212751E+06   0.222007E-01
   0.403926E+00   0.396049E+06   0.394101E+06  -0.580439E-01  -0.591904E-01   0.000000E+00   0.395744E+06   0.395744E+06   0.395744E+06  -0.943010E-02   0.208433E+06   0.208407E+06   0.215314E-01
   0.409322E+00   0.387944E+06   0.386023E+06  -0.553665E-01  -0.564601E-01   0.000000E+00   0.387643E+06   0.387643E+06   0.387643E+06  -0.923707E-02   0.204167E+06   0.204141E+06   0.209149E-01
   0.414719E+00   0.380061E+06   0.378165E+06  -0.528388E-01  -0.538824E-01   0.000000E+00   0.379764E+06   0.379764E+06   0.379764E+06  -0.904933E-02   0.200017E+06   0.199992E+06   0.203234E-01
   0.420116E+00   0.372453E+06   0.370584E+06  -0.504591E-01  -0.514557E-01   0.000000E+00   0.372160E+06   0.372160E+06   0.372160E+06  -0.886813E-02   0.196012E+06   0.195987E+06   0.197353E-01
   0.425512E+00   0.365154E+06   0.363315E+06  -0.482232E-01  -0.491757E-01   0.000000E+00   0.364866E+06   0.364866E+06   0.364866E+06  -0.869432E-02   0.192170E+06   0.192146E+06   0.191390E-01
   0.430909E+00   0.358182E+06   0.356379E+06  -0.461252E-01  -0.470362E-01   0.000000E+00   0.357900E+06   0.357900E+06   0.357900E+06  -0.852833E-02   0.188502E+06   0.188478E+06   0.185341E-01
   0.436305E+00   0.351528E+06   0.349763E+06  -0.441555E-01  -0.450276E-01   0.000000E+00   0.351252E+06   0.351252E+06   0.351252E+06  -0.836992E-02   0.185000E+06   0.184977E+06   0.179281E-01
   0.441702E+00   0.345146E+06   0.343420E+06  -0.423010E-01  -0.431366E-01   0.000000E+00   0.344876E+06   0.344876E+06   0.344876E+06  -0.821799E-02   0.181642E+06   0.181619E+06   0.173332E-01
   0.447099E+00   0.338977E+06   0.337290E+06  -0.405482E-01  -0.413491E-01   0.000000E+00   0.338714E+06   0.338714E+06   0.338714E+06  -0.807113E-02   0.178396E+06   0.178374E+06   0.167620E-01
   0.452495E+00   0.332973E+06   0.331322E+06  -0.388857E-01  -0.396537E-01   0.000000E+00   0.332715E+06   0.332715E+06   0.332715E+06  -0.792819E-02   0.175237E+06   0.175215E+06   0.162243E-01
   0.457892E+00   0.327099E+06   0.325482E+06  -0.373047E-01  -0.380415E-01   0.000000E+00   0.326846E+06   0.326846E+06   0.326846E+06  -0.778835E-02   0.172146E+06   0.172124E+06   0.157256E-01
   0.463289E+00   0.321333E+06   0.319745E+06  -0.357983E-01  -0.365054E-01   0.000000E+00   0.321085E+06   0.321085E+06   0.321085E+06  -0.765106E-02   0.169111E+06   0.169090E+06   0.152653E-01
   0.468685E+00   0.315663E+06   0.314101E+06  -0.343614E-01  -0.350401E-01   0.000000E+00   0.315419E+06   0.315419E+06   0.315419E+06  -0.751605E-02   0.166127E+06   0.166106E+06   0.148383E-01
   0.474082E+00   0.310099E+06   0.308561E+06  -0.329915E-01  -0.336432E-01   0.000000E+00   0.309858E+06   0.309858E+06   0.309858E+06  -0.738355E-02   0.163198E+06   0.163178E+06   0.144370E-01
   0.479478E+00   0.304666E+06   0.303150E+06  -0.316879E-01  -0.323138E-01   0.000000E+00   0.304429E+06   0.304429E+06   0.304429E+06  -0.725417E-02   0.160339E+06   0.160319E+06   0.140532E-01
   0.484875E+00   0.299387E+06   0.297893E+06  -0.304495E-01  -0.310509E-01   0.000000E+00   0.299153E+06   0.299153E+06   0.299153E+06  -0.712845E-02   0.157560E+06   0.157540E+06   0.136800E-01
   0.490272E+00   0.294270E+06   0.292800E+06  -0.292738E-01  -0.298520E-01   0.000000E+00   0.294040E+06   0.294040E+06   0.294040E+06  -0.700663E-02   0.154867E+06   0.154848E+06   0.133126E-01
   0.495668E+00   0.289318E+06   0.287872E+06  -0.281579E-01  -0.287140E-01   0.000000E+00   0.289092E+06   0.289092E+06   0.289092E+06  -0.688871E-02   0.152261E+06   0.152242E+06   0.129491E-01
   0.501065E+00   0.284529E+06   0.283107E+06  -0.270985E-01  -0.276338E-01   0.000000E+00   0.284307E+06   0.284307E+06   0.284307E+06  -0.677469E-02   0.149741E+06   0.149722E+06   0.125906E-01
   0.506462E+00   0.279897E+06   0.278500E+06  -0.260923E-01  -0.266076E-01   0.000000E+00   0.279678E+06   0.279678E+06   0.279678E+06  -0.666440E-02   0.147303E+06   0.147284E+06   0.122399E-01
   0.511858E+00   0.275402E+06   0.274031E+06  -0.251348E-01  -0.256313E-01   0.000000E+00   0.275188E+06   0.275188E+06   0.275188E+06  -0.655740E-02   0.144938E+06   0.144920E+06   0.119002E-01
   0.517255E+00   0.271022E+06   0.269675E+06  -0.242217E-01  -0.247001E-01   0.000000E+00   0.270812E+06   0.270812E+06   0.270812E+06  -0.645311E-02   0.142633E+06   0.142615E+06   0.115743E-01
   0.522651E+00   0.266740E+06   0.265415E+06  -0.233492E-01  -0.238104E-01   0.000000E+00   0.266532E+06   0.266532E+06   0.266532E+06  -0.635114E-02   0.140379E+06   0.140362E+06   0.112641E-01
   0.528048E+00   0.262548E+06   0.261245E+06  -0.225149E-01  -0.229596E-01   0.000000E+00   0.262344E+06   0.262344E+06   0.262344E+06  -0.625133E-02   0.138173E+06   0.138156E+06   0.109700E-01
   0.533445E+00   0.258443E+06   0.257160E+06  -0.217167E-01  -0.221457E-01   0.000000E+00   0.258242E+06   0.258242E+06   0.258242E+06  -0.615360E-02   0.136013E+06   0.135996E+06   0.106909E-01
   0.538841E+00   0.254422E+06   0.253158E+06  -0.209528E-01  -0.213666E-01   0.000000E+00   0.254224E+06   0.254224E+06   0.254224E+06  -0.605786E-02   0.133897E+06   0.133880E+06   0.104250E-01
   0.544238E+00   0.250485E+06   0.249240E+06  -0.202214E-01  -0.206208E-01   0.000000E+00   0.250290E+06   0.250290E+06   0.250290E+06  -0.596411E-02   0.131825E+06   0.131808E+06   0.101695E-01
   0.549634E+00   0.246639E+06   0.245411E+06  -0.195219E-01  -0.199075E-01   0.000000E+00   0.246447E+06   0.246447E+06   0.246447E+06  -0.587253E-02   0.129801E+06   0.129784E+06   0.992235E-02
   0.555031E+00   0.242892E+06   0.241682E+06  -0.188532E-01  -0.192256E-01   0.000000E+00   0.242703E+06   0.242703E+06   0.242703E+06  -0.578331E-02   0.127828E+06   0.127812E+06   0.968175E-02
   0.560428E+00   0.239244E+06   0.238052E+06  -0.182142E-01  -0.185739E-01   0.000000E+00   0.239057E+06   0.239057E+06   0.239057E+06  -0.569645E-02   0.125908E+06   0.125893E+06   0.944666E-02
   0.565824E+00   0.235690E+06   0.234515E+06  -0.176029E-01  -0.179506E-01   0.000000E+00   0.235506E+06   0.235506E+06   0.235506E+06  -0.561183E-02   0.124038E+06   0.124023E+06   0.921675E-02
   0.571221E+00   0.232227E+06   0.231070E+06  -0.170181E-01  -0.173543E-01   0.000000E+00   0.232046E+06   0.232046E+06   0.232046E+06  -0.552938E-02   0.122216E+06   0.122200E+06   0.899240E-02
   0.576618E+00   0.228853E+06   0.227714E+06  -0.164584E-01  -0.167835E-01   0.000000E+00   0.228675E+06   0.228675E+06   0.228675E+06  -0.544904E-02   0.120440E+06   0.120425E+06   0.877440E-02
   0.579457E+00   0.227112E+06   0.225982E+06  -0.161736E-01  -0.164931E-01   0.000000E+00   0.226936E+06   0.226936E+06   0.226936E+06  -0.540760E-02   0.119524E+06   0.119509E+06   0.866235E-02
   0.591162E+00   0.220142E+06   0.219047E+06  -0.150625E-01  -0.153600E-01   0.000000E+00   0.219970E+06   0.219970E+06   0.219970E+06  -0.524163E-02   0.115856E+06   0.115841E+06   0.822309E-02
   0.603105E+00   0.213348E+06   0.212288E+06  -0.140253E-01  -0.143023E-01   0.000000E+00   0.213182E+06   0.213182E+06   0.213182E+06  -0.507988E-02   0.112280E+06   0.112266E+06   0.781148E-02
   0.615288E+00   0.206732E+06   0.205704E+06  -0.130575E-01  -0.133154E-01   0.000000E+00   0.206572E+06   0.206572E+06   0.206572E+06  -0.492235E-02   0.108799E+06   0.108785E+06   0.742343E-02
   0.627718E+00   0.200312E+06   0.199315E+06  -0.121559E-01  -0.123960E-01   0.000000E+00   0.200156E+06   0.200156E+06   0.200156E+06  -0.476948E-02   0.105420E+06   0.105406E+06   0.705271E-02
   0.640399E+00   0.194096E+06   0.193130E+06  -0.113168E-01  -0.115403E-01   0.000000E+00   0.193945E+06   0.193945E+06   0.193945E+06  -0.462147E-02   0.102148E+06   0.102135E+06   0.669681E-02
   0.653336E+00   0.188073E+06   0.187138E+06  -0.105357E-01  -0.107438E-01   0.000000E+00   0.187927E+06   0.187927E+06   0.187927E+06  -0.447807E-02   0.989786E+05   0.989662E+05   0.635742E-02
   0.666534E+00   0.182220E+06   0.181314E+06  -0.980754E-02  -0.100013E-01   0.000000E+00   0.182078E+06   0.182078E+06   0.182078E+06  -0.433871E-02   0.958984E+05   0.958864E+05   0.603637E-02
   0.679999E+00   0.176534E+06   0.175656E+06  -0.912894E-02  -0.930926E-02   0.000000E+00   0.176397E+06   0.176397E+06   0.176397E+06  -0.420332E-02   0.929060E+05   0.928943E+05   0.573288E-02
   0.693736E+00   0.171012E+06   0.170161E+06  -0.849662E-02  -0.866444E-02   0.000000E+00   0.170879E+06   0.170879E+06   0.170879E+06  -0.407183E-02   0.899996E+05   0.899883E+05   0.544419E-02
   0.707750E+00   0.165662E+06   0.164838E+06  -0.790806E-02  -0.806426E-02   0.000000E+00   0.165533E+06   0.165533E+06   0.165533E+06  -0.394445E-02   0.871840E+05   0.871730E+05   0.516875E-02
   0.722047E+00   0.160472E+06   0.159675E+06  -0.735999E-02  -0.750536E-02   0.000000E+00   0.160348E+06   0.160348E+06   0.160348E+06  -0.382089E-02   0.844531E+05   0.844425E+05   0.490655E-02
   0.736634E+00   0.155436E+06   0.154664E+06  -0.684947E-02  -0.698476E-02   0.000000E+00   0.155315E+06   0.155315E+06   0.155315E+06  -0.370098E-02   0.818026E+05   0.817924E+05   0.465790E-02
   0.751515E+00   0.150549E+06   0.149801E+06  -0.637400E-02  -0.649990E-02   0.000000E+00   0.150432E+06   0.150432E+06   0.150432E+06  -0.358462E-02   0.792308E+05   0.792208E+05   0.442209E-02
   0.766696E+00   0.145807E+06   0.145082E+06  -0.593116E-02  -0.604831E-02   0.000000E+00   0.145694E+06   0.145694E+06   0.145694E+06  -0.347170E-02   0.767350E+05   0.767253E+05   0.419782E-02
   0.782185E+00   0.141210E+06   0.140508E+06  -0.551893E-02  -0.562794E-02   0.000000E+00   0.141100E+06   0.141100E+06   0.141100E+06  -0.336225E-02   0.743157E+05   0.743063E+05   0.398445E-02
   0.797986E+00   0.136752E+06   0.136072E+06  -0.513512E-02  -0.523655E-02   0.000000E+00   0.136646E+06   0.136646E+06   0.136646E+06  -0.325610E-02   0.719695E+05   0.719604E+05   0.378174E-02
   0.814106E+00   0.132425E+06   0.131767E+06  -0.477768E-02  -0.487205E-02   0.000000E+00   0.132322E+06   0.132322E+06   0.132322E+06  -0.315308E-02   0.696925E+05   0.696837E+05   0.358931E-02
   0.830552E+00   0.128230E+06   0.127593E+06  -0.444492E-02  -0.453272E-02   0.000000E+00   0.128130E+06   0.128130E+06   0.128130E+06  -0.305319E-02   0.674846E+05   0.674762E+05   0.340654E-02
   0.847331E+00   0.124163E+06   0.123546E+06  -0.413518E-02  -0.421686E-02   0.000000E+00   0.124067E+06   0.124067E+06   0.124067E+06  -0.295635E-02   0.653443E+05   0.653361E+05   0.323284E-02
   0.864448E+00   0.120218E+06   0.119621E+06  -0.384682E-02  -0.392280E-02   0.000000E+00   0.120125E+06   0.120125E+06   0.120125E+06  -0.286243E-02   0.632683E+05   0.632603E+05   0.306780E-02
   0.881911E+00   0.116393E+06   0.115815E+06  -0.357838E-02  -0.364906E-02   0.000000E+00   0.116303E+06   0.116303E+06   0.116303E+06  -0.277135E-02   0.612552E+05   0.612475E+05   0.291110E-02
   0.899727E+00   0.112685E+06   0.112125E+06  -0.332854E-02  -0.339429E-02   0.000000E+00   0.112598E+06   0.112598E+06   0.112598E+06  -0.268307E-02   0.593038E+05   0.592963E+05   0.276229E-02
   0.917902E+00   0.109091E+06   0.108549E+06  -0.309602E-02  -0.315717E-02   0.000000E+00   0.109006E+06   0.109006E+06   0.109006E+06  -0.259748E-02   0.574121E+05   0.574049E+05   0.262093E-02
   0.936445E+00   0.105606E+06   0.105081E+06  -0.287959E-02  -0.293647E-02   0.000000E+00   0.105524E+06   0.105524E+06   0.105524E+06  -0.251450E-02   0.555780E+05   0.555710E+05   0.248669E-02
   0.955362E+00   0.102227E+06   0.101719E+06  -0.267817E-02  -0.273107E-02   0.000000E+00   0.102148E+06   0.102148E+06   0.102148E+06  -0.243406E-02   0.538000E+05   0.537933E+05   0.235922E-02
   0.974662E+00   0.989530E+05   0.984613E+05  -0.249074E-02  -0.253994E-02   0.000000E+00   0.988761E+05   0.988761E+05   0.988761E+05  -0.235610E-02   0.520768E+05   0.520702E+05   0.223819E-02
   0.994352E+00   0.957796E+05   0.953037E+05  -0.231633E-02  -0.236209E-02   0.000000E+00   0.957052E+05   0.957052E+05   0.957052E+05  -0.228054E-02   0.504067E+05   0.504004E+05   0.212326E-02
   0.101444E+01   0.927040E+05   0.922433E+05  -0.215404E-02  -0.219659E-02   0.000000E+00   0.926319E+05   0.926319E+05   0.926319E+05  -0.220731E-02   0.487881E+05   0.487819E+05   0.201415E-02
   0.103493E+01   0.897229E+05   0.892771E+05  -0.200303E-02  -0.204259E-02   0.000000E+00   0.896531E+05   0.896531E+05   0.896531E+05  -0.213633E-02   0.472192E+05   0.472132E+05   0.191055E-02
   0.105584E+01   0.868336E+05   0.864022E+05  -0.186252E-02  -0.189931E-02   0.000000E+00   0.867662E+05   0.867662E+05   0.867662E+05  -0.206753E-02   0.456986E+05   0.456929E+05   0.181219E-02
   0.107717E+01   0.840338E+05   0.836163E+05  -0.173179E-02  -0.176599E-02   0.000000E+00   0.839685E+05   0.839685E+05   0.839685E+05  -0.200087E-02   0.442251E+05   0.442196E+05   0.171881E-02
   0.109893E+01   0.813207E+05   0.809167E+05  -0.161016E-02  -0.164197E-02   0.000000E+00   0.812575E+05   0.812575E+05   0.812575E+05  -0.193627E-02   0.427973E+05   0.427919E+05   0.163017E-02
   0.112113E+01   0.786920E+05   0.783010E+05  -0.149702E-02  -0.152659E-02   0.000000E+00   0.786309E+05   0.786309E+05   0.786309E+05  -0.187368E-02   0.414139E+05   0.414087E+05   0.154603E-02
   0.114378E+01   0.761452E+05   0.757669E+05  -0.139177E-02  -0.141926E-02   0.000000E+00   0.760860E+05   0.760860E+05   0.760860E+05  -0.181304E-02   0.400736E+05   0.400685E+05   0.146617E-02
   0.116688E+01   0.736779E+05   0.733119E+05  -0.129387E-02  -0.131943E-02   0.000000E+00   0.736207E+05   0.736207E+05   0.736207E+05  -0.175429E-02   0.387751E+05   0.387702E+05   0.139037E-02
   0.119045E+01   0.712879E+05   0.709337E+05  -0.120281E-02  -0.122657E-02   0.000000E+00   0.712325E+05   0.712325E+05   0.712325E+05  -0.169738E-02   0.375172E+05   0.375125E+05   0.131844E-02
   0.121450E+01   0.689726E+05   0.686300E+05  -0.111812E-02  -0.114020E-02   0.000000E+00   0.689191E+05   0.689191E+05   0.689191E+05  -0.164226E-02   0.362988E+05   0.362942E+05   0.125017E-02
   0.123904E+01   0.667300E+05   0.663986E+05  -0.103935E-02  -0.105987E-02   0.000000E+00   0.666782E+05   0.666782E+05   0.666782E+05  -0.158886E-02   0.351185E+05   0.351141E+05   0.118538E-02
   0.126407E+01   0.645578E+05   0.642371E+05  -0.966085E-03  -0.985167E-03   0.000000E+00   0.645076E+05   0.645076E+05   0.645076E+05  -0.153714E-02   0.339753E+05   0.339711E+05   0.112391E-02
   0.128960E+01   0.624538E+05   0.621436E+05  -0.897953E-03  -0.915689E-03   0.000000E+00   0.624052E+05   0.624052E+05   0.624052E+05  -0.148704E-02   0.328680E+05   0.328639E+05   0.106557E-02
   0.131566E+01   0.604159E+05   0.601159E+05  -0.834593E-03  -0.851077E-03   0.000000E+00   0.603690E+05   0.603690E+05   0.603690E+05  -0.143852E-02   0.317956E+05   0.317916E+05   0.101022E-02
   0.134223E+01   0.584422E+05   0.581520E+05  -0.775672E-03  -0.790993E-03   0.000000E+00   0.583969E+05   0.583969E+05   0.583969E+05  -0.139153E-02   0.307569E+05   0.307530E+05   0.957694E-03
   0.136935E+01   0.565308E+05   0.562501E+05  -0.720883E-03  -0.735122E-03   0.000000E+00   0.564869E+05   0.564869E+05   0.564869E+05  -0.134601E-02   0.297509E+05   0.297472E+05   0.907861E-03
   0.139701E+01   0.546798E+05   0.544082E+05  -0.669938E-03  -0.683171E-03   0.000000E+00   0.546373E+05   0.546373E+05   0.546373E+05  -0.130194E-02   0.287768E+05   0.287732E+05   0.860584E-03
   0.142523E+01   0.528874E+05   0.526248E+05  -0.622571E-03  -0.634868E-03   0.000000E+00   0.528464E+05   0.528464E+05   0.528464E+05  -0.125926E-02   0.278335E+05   0.278300E+05   0.815733E-03
   0.145403E+01   0.511521E+05   0.508981E+05  -0.578533E-03  -0.589960E-03   0.000000E+00   0.511124E+05   0.511124E+05   0.511124E+05  -0.121795E-02   0.269203E+05   0.269169E+05   0.773188E-03
   0.148340E+01   0.494721E+05   0.492264E+05  -0.537592E-03  -0.548210E-03   0.000000E+00   0.494337E+05   0.494337E+05   0.494337E+05  -0.117794E-02   0.260361E+05   0.260328E+05   0.732831E-03
   0.151336E+01   0.478453E+05   0.476077E+05  -0.499528E-03  -0.509394E-03   0.000000E+00   0.478081E+05   0.478081E+05   0.478081E+05  -0.113921E-02   0.251799E+05   0.251768E+05   0.694549E-03
   0.154394E+01   0.462702E+05   0.460404E+05  -0.464141E-03  -0.473309E-03   0.000000E+00   0.462342E+05   0.462342E+05   0.462342E+05  -0.110171E-02   0.243510E+05   0.243479E+05   0.658236E-03
   0.157513E+01   0.447455E+05   0.445234E+05  -0.431248E-03  -0.439766E-03   0.000000E+00   0.447108E+05   0.447108E+05   0.447108E+05  -0.106540E-02   0.235486E+05   0.235457E+05   0.623796E-03
   0.160695E+01   0.432696E+05   0.430547E+05  -0.400671E-03  -0.408585E-03   0.000000E+00   0.432360E+05   0.432360E+05   0.432360E+05  -0.103026E-02   0.227718E+05   0.227690E+05   0.591132E-03
   0.163941E+01   0.418407E+05   0.416330E+05  -0.372248E-03  -0.379601E-03   0.000000E+00   0.418082E+05   0.418082E+05   0.418082E+05  -0.996239E-03   0.220198E+05   0.220171E+05   0.560154E-03
   0.167253E+01   0.404579E+05   0.402570E+05  -0.345832E-03  -0.352663E-03   0.000000E+00   0.404265E+05   0.404265E+05   0.404265E+05  -0.963314E-03   0.212921E+05   0.212894E+05   0.530777E-03
   0.170631E+01   0.391192E+05   0.389250E+05  -0.321278E-03  -0.327624E-03   0.000000E+00   0.390889E+05   0.390889E+05   0.390889E+05  -0.931441E-03   0.205876E+05   0.205850E+05   0.502918E-03
   0.174078E+01   0.378237E+05   0.376359E+05  -0.298457E-03  -0.304353E-03   0.000000E+00   0.377944E+05   0.377944E+05   0.377944E+05  -0.900594E-03   0.199058E+05   0.199033E+05   0.476501E-03
   0.177595E+01   0.365697E+05   0.363882E+05  -0.277248E-03  -0.282724E-03   0.000000E+00   0.365414E+05   0.365414E+05   0.365414E+05  -0.870736E-03   0.192459E+05   0.192435E+05   0.451450E-03
   0.181183E+01   0.353562E+05   0.351807E+05  -0.257537E-03  -0.262624E-03   0.000000E+00   0.353287E+05   0.353287E+05   0.353287E+05  -0.841841E-03   0.186072E+05   0.186049E+05   0.427698E-03
   0.184843E+01   0.341817E+05   0.340120E+05  -0.239219E-03  -0.243944E-03   0.000000E+00   0.341551E+05   0.341551E+05   0.341551E+05  -0.813875E-03   0.179891E+05   0.179868E+05   0.405176E-03
   0.188577E+01   0.330452E+05   0.328812E+05  -0.222198E-03  -0.226587E-03   0.000000E+00   0.330196E+05   0.330196E+05   0.330196E+05  -0.786816E-03   0.173910E+05   0.173888E+05   0.383825E-03
   0.192386E+01   0.319454E+05   0.317869E+05  -0.206380E-03  -0.210456E-03   0.000000E+00   0.319206E+05   0.319206E+05   0.319206E+05  -0.760630E-03   0.168122E+05   0.168101E+05   0.363581E-03
   0.196273E+01   0.308814E+05   0.307281E+05  -0.191683E-03  -0.195469E-03   0.000000E+00   0.308574E+05   0.308574E+05   0.308574E+05  -0.735294E-03   0.162522E+05   0.162502E+05   0.344391E-03
   0.200238E+01   0.298517E+05   0.297036E+05  -0.178027E-03  -0.181543E-03   0.000000E+00   0.298286E+05   0.298286E+05   0.298286E+05  -0.710779E-03   0.157103E+05   0.157084E+05   0.326199E-03
   0.204283E+01   0.288555E+05   0.287123E+05  -0.165338E-03  -0.168603E-03   0.000000E+00   0.288331E+05   0.288331E+05   0.288331E+05  -0.687057E-03   0.151860E+05   0.151841E+05   0.308952E-03
   0.208410E+01   0.278916E+05   0.277532E+05  -0.153549E-03  -0.156582E-03   0.000000E+00   0.278700E+05   0.278700E+05   0.278700E+05  -0.664108E-03   0.146788E+05   0.146769E+05   0.292605E-03
   0.212620E+01   0.269592E+05   0.268254E+05  -0.142596E-03  -0.145412E-03   0.000000E+00   0.269383E+05   0.269383E+05   0.269383E+05  -0.641906E-03   0.141880E+05   0.141863E+05   0.277110E-03
   0.216915E+01   0.260571E+05   0.259278E+05  -0.132420E-03  -0.135036E-03   0.000000E+00   0.260368E+05   0.260368E+05   0.260368E+05  -0.620427E-03   0.137133E+05   0.137116E+05   0.262423E-03
   0.221297E+01   0.251843E+05   0.250594E+05  -0.122967E-03  -0.125395E-03   0.000000E+00   0.251648E+05   0.251648E+05   0.251648E+05  -0.599647E-03   0.132540E+05   0.132523E+05   0.248503E-03
   0.225768E+01   0.243401E+05   0.242193E+05  -0.114185E-03  -0.116440E-03   0.000000E+00   0.243212E+05   0.243212E+05   0.243212E+05  -0.579545E-03   0.128097E+05   0.128081E+05   0.235310E-03
   0.230328E+01   0.235234E+05   0.234067E+05  -0.106026E-03  -0.108121E-03   0.000000E+00   0.235052E+05   0.235052E+05   0.235052E+05  -0.560100E-03   0.123799E+05   0.123783E+05   0.222806E-03
   0.234981E+01   0.227335E+05   0.226207E+05  -0.984482E-04  -0.100393E-03   0.000000E+00   0.227159E+05   0.227159E+05   0.227159E+05  -0.541292E-03   0.119642E+05   0.119627E+05   0.210957E-03
   0.239728E+01   0.219695E+05   0.218605E+05  -0.914090E-04  -0.932145E-04   0.000000E+00   0.219524E+05   0.219524E+05   0.219524E+05  -0.523100E-03   0.115621E+05   0.115606E+05   0.199728E-03
   0.244571E+01   0.212305E+05   0.211252E+05  -0.848707E-04  -0.865471E-04   0.000000E+00   0.212140E+05   0.212140E+05   0.212140E+05  -0.505504E-03   0.111732E+05   0.111718E+05   0.189087E-03
   0.249512E+01   0.205158E+05   0.204140E+05  -0.787978E-04  -0.803542E-04   0.000000E+00   0.204999E+05   0.204999E+05   0.204999E+05  -0.488487E-03   0.107970E+05   0.107957E+05   0.179005E-03
   0.254552E+01   0.198246E+05   0.197262E+05  -0.731574E-04  -0.746024E-04   0.000000E+00   0.198092E+05   0.198092E+05   0.198092E+05  -0.472029E-03   0.104333E+05   0.104320E+05   0.169451E-03
   0.259694E+01   0.191561E+05   0.190611E+05  -0.679188E-04  -0.692603E-04   0.000000E+00   0.191413E+05   0.191413E+05   0.191413E+05  -0.456113E-03   0.100815E+05   0.100802E+05   0.160399E-03
   0.264941E+01   0.185097E+05   0.184179E+05  -0.630534E-04  -0.642989E-04   0.000000E+00   0.184953E+05   0.184953E+05   0.184953E+05  -0.440720E-03   0.974123E+04   0.974003E+04   0.151823E-03
   0.270293E+01   0.178845E+05   0.177958E+05  -0.585349E-04  -0.596911E-04   0.000000E+00   0.178706E+05   0.178706E+05   0.178706E+05  -0.425835E-03   0.941222E+04   0.941106E+04   0.143697E-03
   0.275753E+01   0.172800E+05   0.171943E+05  -0.543388E-04  -0.554121E-04   0.000000E+00   0.172666E+05   0.172666E+05   0.172666E+05  -0.411441E-03   0.909408E+04   0.909296E+04   0.135999E-03
   0.281324E+01   0.166954E+05   0.166126E+05  -0.504420E-04  -0.514384E-04   0.000000E+00   0.166825E+05   0.166825E+05   0.166825E+05  -0.397523E-03   0.878645E+04   0.878536E+04   0.128707E-03
   0.287007E+01   0.161302E+05   0.160502E+05  -0.468233E-04  -0.477482E-04   0.000000E+00   0.161177E+05   0.161177E+05   0.161177E+05  -0.384064E-03   0.848897E+04   0.848792E+04   0.121798E-03
   0.292805E+01   0.155837E+05   0.155064E+05  -0.434632E-04  -0.443217E-04   0.000000E+00   0.155716E+05   0.155716E+05   0.155716E+05  -0.371052E-03   0.820136E+04   0.820035E+04   0.115254E-03
   0.298720E+01   0.150553E+05   0.149806E+05  -0.403430E-04  -0.411398E-04   0.000000E+00   0.150436E+05   0.150436E+05   0.150436E+05  -0.358471E-03   0.792326E+04   0.792229E+04   0.109055E-03
   0.304754E+01   0.145444E+05   0.144723E+05  -0.374459E-04  -0.381855E-04   0.000000E+00   0.145331E+05   0.145331E+05   0.145331E+05  -0.346307E-03   0.765442E+04   0.765348E+04   0.103184E-03
   0.310911E+01   0.140505E+05   0.139809E+05  -0.347558E-04  -0.354423E-04   0.000000E+00   0.140396E+05   0.140396E+05   0.140396E+05  -0.334547E-03   0.739448E+04   0.739357E+04   0.976226E-04
   0.317192E+01   0.135730E+05   0.135058E+05  -0.322583E-04  -0.328954E-04   0.000000E+00   0.135625E+05   0.135625E+05   0.135625E+05  -0.323178E-03   0.714320E+04   0.714232E+04   0.923556E-04
   0.323599E+01   0.131114E+05   0.130465E+05  -0.299394E-04  -0.305307E-04   0.000000E+00   0.131013E+05   0.131013E+05   0.131013E+05  -0.312188E-03   0.690028E+04   0.689943E+04   0.873673E-04
   0.330136E+01   0.126652E+05   0.126024E+05  -0.277864E-04  -0.283353E-04   0.000000E+00   0.126554E+05   0.126554E+05   0.126554E+05  -0.301563E-03   0.666543E+04   0.666461E+04   0.826430E-04
   0.336806E+01   0.122338E+05   0.121732E+05  -0.257876E-04  -0.262970E-04   0.000000E+00   0.122244E+05   0.122244E+05   0.122244E+05  -0.291292E-03   0.643841E+04   0.643762E+04   0.781690E-04
   0.343609E+01   0.118169E+05   0.117583E+05  -0.239320E-04  -0.244047E-04   0.000000E+00   0.118077E+05   0.118077E+05   0.118077E+05  -0.281363E-03   0.621897E+04   0.621821E+04   0.739323E-04
   0.350551E+01   0.114138E+05   0.113573E+05  -0.222094E-04  -0.226480E-04   0.000000E+00   0.114050E+05   0.114050E+05   0.114050E+05  -0.271767E-03   0.600685E+04   0.600612E+04   0.699205E-04
   0.357632E+01   0.110242E+05   0.109696E+05  -0.206102E-04  -0.210173E-04   0.000000E+00   0.110157E+05   0.110157E+05   0.110157E+05  -0.262491E-03   0.580183E+04   0.580112E+04   0.661217E-04
   0.364857E+01   0.106477E+05   0.105950E+05  -0.191257E-04  -0.195035E-04   0.000000E+00   0.106395E+05   0.106395E+05   0.106395E+05  -0.253525E-03   0.560366E+04   0.560298E+04   0.625249E-04
   0.372228E+01   0.102838E+05   0.102328E+05  -0.177477E-04  -0.180983E-04   0.000000E+00   0.102758E+05   0.102758E+05   0.102758E+05  -0.244860E-03   0.541214E+04   0.541148E+04   0.591193E-04
   0.379747E+01   0.993205E+04   0.988286E+04  -0.164686E-04  -0.167939E-04   0.000000E+00   0.992436E+04   0.992436E+04   0.992436E+04  -0.236485E-03   0.522703E+04   0.522639E+04   0.558951E-04
   0.387419E+01   0.959213E+04   0.954462E+04  -0.152813E-04  -0.155832E-04   0.000000E+00   0.958470E+04   0.958470E+04   0.958470E+04  -0.228392E-03   0.504814E+04   0.504752E+04   0.528426E-04
   0.395245E+01   0.926360E+04   0.921773E+04  -0.141793E-04  -0.144593E-04   0.000000E+00   0.925643E+04   0.925643E+04   0.925643E+04  -0.220569E-03   0.487524E+04   0.487465E+04   0.499528E-04
   0.403229E+01   0.894611E+04   0.890181E+04  -0.131564E-04  -0.134162E-04   0.000000E+00   0.893918E+04   0.893918E+04   0.893918E+04  -0.213010E-03   0.470815E+04   0.470758E+04   0.472171E-04
   0.411375E+01   0.863930E+04   0.859653E+04  -0.122070E-04  -0.124481E-04   0.000000E+00   0.863261E+04   0.863261E+04   0.863261E+04  -0.205705E-03   0.454669E+04   0.454614E+04   0.446275E-04
   0.419686E+01   0.834281E+04   0.830151E+04  -0.113258E-04  -0.115496E-04   0.000000E+00   0.833635E+04   0.833635E+04   0.833635E+04  -0.198645E-03   0.439065E+04   0.439012E+04   0.421762E-04
   0.428164E+01   0.805632E+04   0.801644E+04  -0.105081E-04  -0.107156E-04   0.000000E+00   0.805008E+04   0.805008E+04   0.805008E+04  -0.191824E-03   0.423987E+04   0.423936E+04   0.398561E-04
   0.436813E+01   0.777948E+04   0.774098E+04  -0.974912E-05  -0.994169E-05   0.000000E+00   0.777346E+04   0.777346E+04   0.777346E+04  -0.185232E-03   0.409418E+04   0.409369E+04   0.376601E-04
   0.445637E+01   0.751199E+04   0.747482E+04  -0.904478E-05  -0.922343E-05   0.000000E+00   0.750618E+04   0.750618E+04   0.750618E+04  -0.178863E-03   0.395341E+04   0.395293E+04   0.355817E-04
   0.454640E+01   0.725354E+04   0.721765E+04  -0.839114E-05  -0.855688E-05   0.000000E+00   0.724792E+04   0.724792E+04   0.724792E+04  -0.172709E-03   0.381739E+04   0.381693E+04   0.336147E-04
   0.463824E+01   0.700381E+04   0.696917E+04  -0.778455E-05  -0.793831E-05   0.000000E+00   0.699840E+04   0.699840E+04   0.699840E+04  -0.166763E-03   0.368596E+04   0.368552E+04   0.317533E-04
   0.473194E+01   0.676253E+04   0.672908E+04  -0.722165E-05  -0.736430E-05   0.000000E+00   0.675730E+04   0.675730E+04   0.675730E+04  -0.161018E-03   0.355898E+04   0.355856E+04   0.299918E-04
   0.482753E+01   0.652942E+04   0.649713E+04  -0.669930E-05  -0.683163E-05   0.000000E+00   0.652437E+04   0.652437E+04   0.652437E+04  -0.155468E-03   0.343630E+04   0.343589E+04   0.283249E-04
   0.492506E+01   0.630420E+04   0.627302E+04  -0.621460E-05  -0.633735E-05   0.000000E+00   0.629932E+04   0.629932E+04   0.629932E+04  -0.150105E-03   0.331777E+04   0.331737E+04   0.267476E-04
   0.502455E+01   0.608661E+04   0.605652E+04  -0.576484E-05  -0.587871E-05   0.000000E+00   0.608191E+04   0.608191E+04   0.608191E+04  -0.144925E-03   0.320326E+04   0.320288E+04   0.252553E-04
   0.512605E+01   0.587642E+04   0.584738E+04  -0.534752E-05  -0.545315E-05   0.000000E+00   0.587188E+04   0.587188E+04   0.587188E+04  -0.139920E-03   0.309264E+04   0.309227E+04   0.238434E-04
   0.522960E+01   0.567337E+04   0.564533E+04  -0.496031E-05  -0.505828E-05   0.000000E+00   0.566898E+04   0.566898E+04   0.566898E+04  -0.135085E-03   0.298578E+04   0.298542E+04   0.225076E-04
   0.533525E+01   0.547721E+04   0.545014E+04  -0.460103E-05  -0.469191E-05   0.000000E+00   0.547297E+04   0.547297E+04   0.547297E+04  -0.130414E-03   0.288254E+04   0.288220E+04   0.212439E-04
   0.544303E+01   0.528772E+04   0.526160E+04  -0.426768E-05  -0.435198E-05   0.000000E+00   0.528363E+04   0.528363E+04   0.528363E+04  -0.125903E-03   0.278282E+04   0.278249E+04   0.200485E-04
   0.555298E+01   0.510468E+04   0.507946E+04  -0.395840E-05  -0.403659E-05   0.000000E+00   0.510073E+04   0.510073E+04   0.510073E+04  -0.121544E-03   0.268649E+04   0.268617E+04   0.189177E-04
   0.566516E+01   0.492786E+04   0.490353E+04  -0.367146E-05  -0.374398E-05   0.000000E+00   0.492406E+04   0.492406E+04   0.492406E+04  -0.117334E-03   0.259343E+04   0.259313E+04   0.178481E-04
   0.577961E+01   0.475708E+04   0.473359E+04  -0.340525E-05  -0.347251E-05   0.000000E+00   0.475341E+04   0.475341E+04   0.475341E+04  -0.113268E-03   0.250356E+04   0.250326E+04   0.168365E-04
   0.589636E+01   0.459212E+04   0.456946E+04  -0.315827E-05  -0.322066E-05   0.000000E+00   0.458858E+04   0.458858E+04   0.458858E+04  -0.109340E-03   0.241674E+04   0.241646E+04   0.158797E-04
   0.601548E+01   0.443280E+04   0.441092E+04  -0.292915E-05  -0.298701E-05   0.000000E+00   0.442938E+04   0.442938E+04   0.442938E+04  -0.105547E-03   0.233289E+04   0.233262E+04   0.149749E-04
   0.613700E+01   0.427892E+04   0.425780E+04  -0.271660E-05  -0.277026E-05   0.000000E+00   0.427561E+04   0.427561E+04   0.427561E+04  -0.101883E-03   0.225191E+04   0.225165E+04   0.141193E-04
   0.626097E+01   0.413029E+04   0.410992E+04  -0.251942E-05  -0.256919E-05   0.000000E+00   0.412710E+04   0.412710E+04   0.412710E+04  -0.983439E-04   0.217369E+04   0.217344E+04   0.133102E-04
   0.638745E+01   0.398675E+04   0.396709E+04  -0.233651E-05  -0.238266E-05   0.000000E+00   0.398367E+04   0.398367E+04   0.398367E+04  -0.949261E-04   0.209815E+04   0.209791E+04   0.125452E-04
   0.651649E+01   0.384811E+04   0.382914E+04  -0.216683E-05  -0.220963E-05   0.000000E+00   0.384514E+04   0.384514E+04   0.384514E+04  -0.916251E-04   0.202519E+04   0.202495E+04   0.118218E-04
   0.664813E+01   0.371423E+04   0.369592E+04  -0.200943E-05  -0.204912E-05   0.000000E+00   0.371137E+04   0.371137E+04   0.371137E+04  -0.884374E-04   0.195473E+04   0.195450E+04   0.111380E-04
   0.678243E+01   0.358494E+04   0.356727E+04  -0.186343E-05  -0.190024E-05   0.000000E+00   0.358217E+04   0.358217E+04   0.358217E+04  -0.853589E-04   0.188668E+04   0.188647E+04   0.104916E-04
   0.691945E+01   0.346008E+04   0.344303E+04  -0.172801E-05  -0.176214E-05   0.000000E+00   0.345741E+04   0.345741E+04   0.345741E+04  -0.823859E-04   0.182097E+04   0.182077E+04   0.988051E-05
   0.705923E+01   0.333950E+04   0.332306E+04  -0.160240E-05  -0.163405E-05   0.000000E+00   0.333693E+04   0.333693E+04   0.333693E+04  -0.795150E-04   0.175752E+04   0.175732E+04   0.930291E-05
   0.720183E+01   0.322307E+04   0.320720E+04  -0.148589E-05  -0.151524E-05   0.000000E+00   0.322059E+04   0.322059E+04   0.322059E+04  -0.767427E-04   0.169624E+04   0.169605E+04   0.875701E-05
   0.734732E+01   0.311063E+04   0.309532E+04  -0.137782E-05  -0.140504E-05   0.000000E+00   0.310824E+04   0.310824E+04   0.310824E+04  -0.740655E-04   0.163707E+04   0.163688E+04   0.824108E-05
   0.749575E+01   0.300206E+04   0.298730E+04  -0.127759E-05  -0.130283E-05   0.000000E+00   0.299975E+04   0.299975E+04   0.299975E+04  -0.714805E-04   0.157993E+04   0.157975E+04   0.775354E-05
   0.764717E+01   0.289723E+04   0.288298E+04  -0.118463E-05  -0.120803E-05   0.000000E+00   0.289500E+04   0.289500E+04   0.289500E+04  -0.689844E-04   0.152476E+04   0.152459E+04   0.729285E-05
   0.780165E+01   0.279601E+04   0.278227E+04  -0.109842E-05  -0.112011E-05   0.000000E+00   0.279386E+04   0.279386E+04   0.279386E+04  -0.665743E-04   0.147149E+04   0.147133E+04   0.685758E-05
   0.795926E+01   0.269827E+04   0.268501E+04  -0.101846E-05  -0.103857E-05   0.000000E+00   0.269620E+04   0.269620E+04   0.269620E+04  -0.642472E-04   0.142005E+04   0.141990E+04   0.644635E-05
   0.812004E+01   0.260391E+04   0.259112E+04  -0.944299E-06  -0.962951E-06   0.000000E+00   0.260191E+04   0.260191E+04   0.260191E+04  -0.620003E-04   0.137039E+04   0.137024E+04   0.605787E-05
   0.828408E+01   0.251279E+04   0.250046E+04  -0.875525E-06  -0.892819E-06   0.000000E+00   0.251086E+04   0.251086E+04   0.251086E+04  -0.598308E-04   0.132244E+04   0.132229E+04   0.569092E-05
   0.845143E+01   0.242482E+04   0.241292E+04  -0.811746E-06  -0.827780E-06   0.000000E+00   0.242296E+04   0.242296E+04   0.242296E+04  -0.577363E-04   0.127614E+04   0.127600E+04   0.534433E-05
   0.862216E+01   0.233989E+04   0.232842E+04  -0.752600E-06  -0.767466E-06   0.000000E+00   0.233810E+04   0.233810E+04   0.233810E+04  -0.557141E-04   0.123144E+04   0.123131E+04   0.501701E-05
   0.879634E+01   0.225790E+04   0.224683E+04  -0.697751E-06  -0.711534E-06   0.000000E+00   0.225617E+04   0.225617E+04   0.225617E+04  -0.537618E-04   0.118829E+04   0.118817E+04   0.470793E-05
   0.897404E+01   0.217874E+04   0.216806E+04  -0.646888E-06  -0.659666E-06   0.000000E+00   0.217707E+04   0.217707E+04   0.217707E+04  -0.518770E-04   0.114663E+04   0.114651E+04   0.441608E-05
   0.915532E+01   0.210232E+04   0.209202E+04  -0.599722E-06  -0.611568E-06   0.000000E+00   0.210071E+04   0.210071E+04   0.210071E+04  -0.500574E-04   0.110641E+04   0.110630E+04   0.414055E-05
   0.934027E+01   0.202854E+04   0.201861E+04  -0.555985E-06  -0.566968E-06   0.000000E+00   0.202699E+04   0.202699E+04   0.202699E+04  -0.483007E-04   0.106759E+04   0.106748E+04   0.388044E-05
   0.952896E+01   0.195732E+04   0.194775E+04  -0.515430E-06  -0.525611E-06   0.000000E+00   0.195583E+04   0.195583E+04   0.195583E+04  -0.466049E-04   0.103010E+04   0.103000E+04   0.363493E-05
   0.972146E+01   0.188857E+04   0.187934E+04  -0.477824E-06  -0.487263E-06   0.000000E+00   0.188713E+04   0.188713E+04   0.188713E+04  -0.449680E-04   0.993922E+03   0.993823E+03   0.340322E-05
   0.991784E+01   0.182220E+04   0.181330E+04  -0.442955E-06  -0.451704E-06   0.000000E+00   0.182081E+04   0.182081E+04   0.182081E+04  -0.433877E-04   0.958995E+03   0.958900E+03   0.318456E-05
   0.101182E+02   0.175814E+04   0.174955E+04  -0.410623E-06  -0.418734E-06   0.000000E+00   0.175680E+04   0.175680E+04   0.175680E+04  -0.418623E-04   0.925278E+03   0.925188E+03   0.297825E-05
   0.103226E+02   0.169630E+04   0.168802E+04  -0.380645E-06  -0.388163E-06   0.000000E+00   0.169500E+04   0.169500E+04   0.169500E+04  -0.403898E-04   0.892732E+03   0.892646E+03   0.278362E-05
   0.105311E+02   0.163660E+04   0.162862E+04  -0.352849E-06  -0.359819E-06   0.000000E+00   0.163535E+04   0.163535E+04   0.163535E+04  -0.389685E-04   0.861317E+03   0.861235E+03   0.260002E-05
   0.107439E+02   0.157899E+04   0.157129E+04  -0.327078E-06  -0.333539E-06   0.000000E+00   0.157778E+04   0.157778E+04   0.157778E+04  -0.375966E-04   0.830994E+03   0.830916E+03   0.242687E-05
   0.109609E+02   0.152337E+04   0.151595E+04  -0.303184E-06  -0.309173E-06   0.000000E+00   0.152221E+04   0.152221E+04   0.152221E+04  -0.362724E-04   0.801725E+03   0.801651E+03   0.226359E-05
   0.111823E+02   0.146969E+04   0.146254E+04  -0.281031E-06  -0.286583E-06   0.000000E+00   0.146857E+04   0.146857E+04   0.146857E+04  -0.349943E-04   0.773475E+03   0.773404E+03   0.210963E-05
   0.114082E+02   0.141788E+04   0.141099E+04  -0.260493E-06  -0.265638E-06   0.000000E+00   0.141680E+04   0.141680E+04   0.141680E+04  -0.337607E-04   0.746207E+03   0.746140E+03   0.196450E-05
   0.116387E+02   0.136787E+04   0.136123E+04  -0.241451E-06  -0.246221E-06   0.000000E+00   0.136683E+04   0.136683E+04   0.136683E+04  -0.325700E-04   0.719890E+03   0.719826E+03   0.182771E-05
   0.118738E+02   0.131961E+04   0.131320E+04  -0.223798E-06  -0.228219E-06   0.000000E+00   0.131861E+04   0.131861E+04   0.131861E+04  -0.314208E-04   0.694490E+03   0.694430E+03   0.169881E-05
   0.121137E+02   0.127303E+04   0.126686E+04  -0.207433E-06  -0.211530E-06   0.000000E+00   0.127206E+04   0.127206E+04   0.127206E+04  -0.303117E-04   0.669976E+03   0.669918E+03   0.157736E-05
   0.123584E+02   0.122807E+04   0.122212E+04  -0.192261E-06  -0.196058E-06   0.000000E+00   0.122714E+04   0.122714E+04   0.122714E+04  -0.292413E-04   0.646316E+03   0.646262E+03   0.146295E-05
   0.126081E+02   0.118469E+04   0.117895E+04  -0.178196E-06  -0.181716E-06   0.000000E+00   0.118379E+04   0.118379E+04   0.118379E+04  -0.282082E-04   0.623482E+03   0.623431E+03   0.135520E-05
   0.128628E+02   0.114281E+04   0.113729E+04  -0.165157E-06  -0.168419E-06   0.000000E+00   0.114195E+04   0.114195E+04   0.114195E+04  -0.272113E-04   0.601446E+03   0.601398E+03   0.125374E-05
   0.131226E+02   0.110240E+04   0.109708E+04  -0.153070E-06  -0.156094E-06   0.000000E+00   0.110157E+04   0.110157E+04   0.110157E+04  -0.262491E-04   0.580180E+03   0.580135E+03   0.115823E-05
   0.133877E+02   0.106341E+04   0.105828E+04  -0.141865E-06  -0.144668E-06   0.000000E+00   0.106261E+04   0.106261E+04   0.106261E+04  -0.253206E-04   0.559657E+03   0.559615E+03   0.106833E-05
   0.136581E+02   0.102578E+04   0.102083E+04  -0.131479E-06  -0.134076E-06   0.000000E+00   0.102500E+04   0.102500E+04   0.102500E+04  -0.244246E-04   0.539852E+03   0.539812E+03   0.983745E-06
   0.139341E+02   0.989460E+03   0.984699E+03  -0.121851E-06  -0.124258E-06   0.000000E+00   0.988716E+03   0.988716E+03   0.988716E+03  -0.235599E-04   0.520740E+03   0.520702E+03   0.904174E-06
   0.142155E+02   0.954416E+03   0.949829E+03  -0.112927E-06  -0.115157E-06   0.000000E+00   0.953699E+03   0.953699E+03   0.953699E+03  -0.227255E-04   0.502297E+03   0.502262E+03   0.829342E-06
   0.145027E+02   0.920600E+03   0.916182E+03  -0.104654E-06  -0.106722E-06   0.000000E+00   0.919909E+03   0.919909E+03   0.919909E+03  -0.219203E-04   0.484500E+03   0.484467E+03   0.758986E-06
   0.147957E+02   0.887968E+03   0.883712E+03  -0.969862E-07  -0.989021E-07   0.000000E+00   0.887303E+03   0.887303E+03   0.887303E+03  -0.211433E-04   0.467327E+03   0.467296E+03   0.692857E-06
   0.150946E+02   0.856481E+03   0.852381E+03  -0.898788E-07  -0.916543E-07   0.000000E+00   0.855839E+03   0.855839E+03   0.855839E+03  -0.203936E-04   0.450756E+03   0.450727E+03   0.630722E-06
   0.153995E+02   0.826097E+03   0.822150E+03  -0.832910E-07  -0.849364E-07   0.000000E+00   0.825480E+03   0.825480E+03   0.825480E+03  -0.196702E-04   0.434766E+03   0.434739E+03   0.572357E-06
   0.157106E+02   0.796781E+03   0.792979E+03  -0.771850E-07  -0.787098E-07   0.000000E+00   0.796186E+03   0.796186E+03   0.796186E+03  -0.189722E-04   0.419337E+03   0.419313E+03   0.517554E-06
   0.160280E+02   0.768494E+03   0.764833E+03  -0.715256E-07  -0.729385E-07   0.000000E+00   0.767921E+03   0.767921E+03   0.767921E+03  -0.182986E-04   0.404450E+03   0.404428E+03   0.466114E-06
   0.163518E+02   0.741200E+03   0.737675E+03  -0.662801E-07  -0.675895E-07   0.000000E+00   0.740648E+03   0.740648E+03   0.740648E+03  -0.176488E-04   0.390086E+03   0.390065E+03   0.417847E-06
   0.166821E+02   0.714865E+03   0.711471E+03  -0.614185E-07  -0.626318E-07   0.000000E+00   0.714334E+03   0.714334E+03   0.714334E+03  -0.170217E-04   0.376227E+03   0.376208E+03   0.372578E-06
   0.170191E+02   0.689456E+03   0.686190E+03  -0.569126E-07  -0.580369E-07   0.000000E+00   0.688945E+03   0.688945E+03   0.688945E+03  -0.164167E-04   0.362855E+03   0.362838E+03   0.330138E-06
   0.173629E+02   0.664942E+03   0.661797E+03  -0.527366E-07  -0.537784E-07   0.000000E+00   0.664450E+03   0.664450E+03   0.664450E+03  -0.158330E-04   0.349953E+03   0.349938E+03   0.290368E-06
   0.177136E+02   0.641289E+03   0.638262E+03  -0.488663E-07  -0.498317E-07   0.000000E+00   0.640816E+03   0.640816E+03   0.640816E+03  -0.152699E-04   0.337505E+03   0.337492E+03   0.253118E-06
   0.180715E+02   0.618470E+03   0.615557E+03  -0.452794E-07  -0.461739E-07   0.000000E+00   0.618014E+03   0.618014E+03   0.618014E+03  -0.147265E-04   0.325496E+03   0.325484E+03   0.218245E-06
   0.184366E+02   0.596454E+03   0.593651E+03  -0.419552E-07  -0.427841E-07   0.000000E+00   0.596016E+03   0.596016E+03   0.596016E+03  -0.142023E-04   0.313910E+03   0.313899E+03   0.185616E-06
   0.188090E+02   0.575214E+03   0.572517E+03  -0.388745E-07  -0.396425E-07   0.000000E+00   0.574792E+03   0.574792E+03   0.574792E+03  -0.136966E-04   0.302732E+03   0.302723E+03   0.155104E-06
   0.191890E+02   0.554723E+03   0.552128E+03  -0.360195E-07  -0.367311E-07   0.000000E+00   0.554317E+03   0.554317E+03   0.554317E+03  -0.132087E-04   0.291947E+03   0.291940E+03   0.126587E-06
   0.195766E+02   0.534954E+03   0.532458E+03  -0.333738E-07  -0.340331E-07   0.000000E+00   0.534564E+03   0.534564E+03   0.534564E+03  -0.127380E-04   0.281544E+03   0.281538E+03   0.999541E-07
   0.199721E+02   0.515884E+03   0.513483E+03  -0.309219E-07  -0.315328E-07   0.000000E+00   0.515508E+03   0.515508E+03   0.515508E+03  -0.122839E-04   0.271507E+03   0.271503E+03   0.750964E-07
   0.203755E+02   0.497486E+03   0.495177E+03  -0.286498E-07  -0.292158E-07   0.000000E+00   0.497125E+03   0.497125E+03   0.497125E+03  -0.118459E-04   0.261825E+03   0.261822E+03   0.519129E-07
   0.207872E+02   0.479738E+03   0.477517E+03  -0.265443E-07  -0.270687E-07   0.000000E+00   0.479391E+03   0.479391E+03   0.479391E+03  -0.114233E-04   0.252485E+03   0.252483E+03   0.303075E-07
   0.212071E+02   0.462617E+03   0.460482E+03  -0.245932E-07  -0.250791E-07   0.000000E+00   0.462283E+03   0.462283E+03   0.462283E+03  -0.110156E-04   0.243474E+03   0.243474E+03   0.101897E-07
   0.216355E+02   0.446101E+03   0.444049E+03  -0.227852E-07  -0.232354E-07   0.000000E+00   0.445780E+03   0.445780E+03   0.445780E+03  -0.106224E-04   0.234782E+03   0.234783E+03  -0.852609E-08
   0.220726E+02   0.430169E+03   0.428197E+03  -0.211098E-07  -0.215269E-07   0.000000E+00   0.429861E+03   0.429861E+03   0.429861E+03  -0.102431E-04   0.226398E+03   0.226400E+03  -0.259210E-07
   0.225185E+02   0.414801E+03   0.412905E+03  -0.195574E-07  -0.199438E-07   0.000000E+00   0.414504E+03   0.414504E+03   0.414504E+03  -0.987714E-05   0.218310E+03   0.218313E+03  -0.420714E-07
   0.229734E+02   0.399977E+03   0.398155E+03  -0.181189E-07  -0.184769E-07   0.000000E+00   0.399692E+03   0.399692E+03   0.399692E+03  -0.952417E-05   0.210508E+03   0.210512E+03  -0.570497E-07
   0.234375E+02   0.385677E+03   0.383927E+03  -0.167860E-07  -0.171176E-07   0.000000E+00   0.385403E+03   0.385403E+03   0.385403E+03  -0.918369E-05   0.202983E+03   0.202988E+03  -0.709241E-07
   0.239109E+02   0.371884E+03   0.370203E+03  -0.155509E-07  -0.158582E-07   0.000000E+00   0.371621E+03   0.371621E+03   0.371621E+03  -0.885527E-05   0.195724E+03   0.195730E+03  -0.837593E-07
   0.243940E+02   0.358579E+03   0.356965E+03  -0.144065E-07  -0.146912E-07   0.000000E+00   0.358327E+03   0.358327E+03   0.358327E+03  -0.853850E-05   0.188722E+03   0.188729E+03  -0.956163E-07
   0.248868E+02   0.345747E+03   0.344196E+03  -0.133462E-07  -0.136099E-07   0.000000E+00   0.345504E+03   0.345504E+03   0.345504E+03  -0.823295E-05   0.181968E+03   0.181976E+03  -0.106553E-06
   0.253895E+02   0.333369E+03   0.331880E+03  -0.123637E-07  -0.126080E-07   0.000000E+00   0.333136E+03   0.333136E+03   0.333136E+03  -0.793823E-05   0.175454E+03   0.175463E+03  -0.116623E-06
   0.259024E+02   0.321430E+03   0.320002E+03  -0.114534E-07  -0.116798E-07   0.000000E+00   0.321207E+03   0.321207E+03   0.321207E+03  -0.765396E-05   0.169171E+03   0.169181E+03  -0.125878E-06
   0.264257E+02   0.309915E+03   0.308544E+03  -0.106100E-07  -0.108197E-07   0.000000E+00   0.309701E+03   0.309701E+03   0.309701E+03  -0.737979E-05   0.163111E+03   0.163122E+03  -0.134367E-06
   0.269595E+02   0.298809E+03   0.297494E+03  -0.982862E-08  -0.100228E-07   0.000000E+00   0.298603E+03   0.298603E+03   0.298603E+03  -0.711535E-05   0.157266E+03   0.157277E+03  -0.142136E-06
   0.275041E+02   0.288097E+03   0.286836E+03  -0.910464E-08  -0.928456E-08   0.000000E+00   0.287900E+03   0.287900E+03   0.287900E+03  -0.686030E-05   0.151629E+03   0.151641E+03  -0.149227E-06
   0.280597E+02   0.277766E+03   0.276556E+03  -0.843388E-08  -0.860055E-08   0.000000E+00   0.277577E+03   0.277577E+03   0.277577E+03  -0.661432E-05   0.146192E+03   0.146205E+03  -0.155683E-06
   0.286266E+02   0.267802E+03   0.266642E+03  -0.781244E-08  -0.796682E-08   0.000000E+00   0.267620E+03   0.267620E+03   0.267620E+03  -0.637707E-05   0.140948E+03   0.140962E+03  -0.161541E-06
   0.292049E+02   0.258192E+03   0.257081E+03  -0.723669E-08  -0.737970E-08   0.000000E+00   0.258018E+03   0.258018E+03   0.258018E+03  -0.614826E-05   0.135890E+03   0.135905E+03  -0.166838E-06
   0.297948E+02   0.248924E+03   0.247859E+03  -0.670329E-08  -0.683577E-08   0.000000E+00   0.248757E+03   0.248757E+03   0.248757E+03  -0.592759E-05   0.131013E+03   0.131028E+03  -0.171608E-06
   0.303967E+02   0.239986E+03   0.238966E+03  -0.620913E-08  -0.633184E-08   0.000000E+00   0.239826E+03   0.239826E+03   0.239826E+03  -0.571477E-05   0.126309E+03   0.126325E+03  -0.175885E-06
   0.310108E+02   0.231366E+03   0.230389E+03  -0.575133E-08  -0.586499E-08   0.000000E+00   0.231213E+03   0.231213E+03   0.231213E+03  -0.550953E-05   0.121772E+03   0.121789E+03  -0.179698E-06
   0.316373E+02   0.223053E+03   0.222118E+03  -0.532721E-08  -0.543250E-08   0.000000E+00   0.222906E+03   0.222906E+03   0.222906E+03  -0.531159E-05   0.117397E+03   0.117415E+03  -0.183076E-06
   0.322764E+02   0.215036E+03   0.214141E+03  -0.493431E-08  -0.503184E-08   0.000000E+00   0.214896E+03   0.214896E+03   0.214896E+03  -0.512071E-05   0.113178E+03   0.113196E+03  -0.186047E-06
   0.329284E+02   0.207304E+03   0.206449E+03  -0.457033E-08  -0.466066E-08   0.000000E+00   0.207171E+03   0.207171E+03   0.207171E+03  -0.493662E-05   0.109109E+03   0.109128E+03  -0.188637E-06
   0.335936E+02   0.199849E+03   0.199031E+03  -0.423315E-08  -0.431682E-08   0.000000E+00   0.199721E+03   0.199721E+03   0.199721E+03  -0.475910E-05   0.105186E+03   0.105205E+03  -0.190870E-06
   0.342722E+02   0.192659E+03   0.191877E+03  -0.392079E-08  -0.399829E-08   0.000000E+00   0.192536E+03   0.192536E+03   0.192536E+03  -0.458791E-05   0.101402E+03   0.101422E+03  -0.192769E-06
   0.349646E+02   0.185725E+03   0.184979E+03  -0.363144E-08  -0.370322E-08   0.000000E+00   0.185609E+03   0.185609E+03   0.185609E+03  -0.442283E-05   0.977529E+02   0.977733E+02  -0.194356E-06
   0.356709E+02   0.179039E+03   0.178327E+03  -0.336340E-08  -0.342988E-08   0.000000E+00   0.178928E+03   0.178928E+03   0.178928E+03  -0.426363E-05   0.942343E+02   0.942552E+02  -0.195650E-06
   0.363915E+02   0.172592E+03   0.171912E+03  -0.311510E-08  -0.317668E-08   0.000000E+00   0.172486E+03   0.172486E+03   0.172486E+03  -0.411012E-05   0.908412E+02   0.908627E+02  -0.196672E-06
   0.371267E+02   0.166375E+03   0.165726E+03  -0.288510E-08  -0.294214E-08   0.000000E+00   0.166273E+03   0.166273E+03   0.166273E+03  -0.396209E-05   0.875693E+02   0.875913E+02  -0.197439E-06
   0.378767E+02   0.160380E+03   0.159761E+03  -0.267205E-08  -0.272488E-08   0.000000E+00   0.160283E+03   0.160283E+03   0.160283E+03  -0.381935E-05   0.844143E+02   0.844368E+02  -0.197968E-06
   0.386418E+02   0.154599E+03   0.154010E+03  -0.247471E-08  -0.252363E-08   0.000000E+00   0.154507E+03   0.154507E+03   0.154507E+03  -0.368171E-05   0.813720E+02   0.813950E+02  -0.198276E-06
   0.394225E+02   0.149025E+03   0.148464E+03  -0.229190E-08  -0.233722E-08   0.000000E+00   0.148937E+03   0.148937E+03   0.148937E+03  -0.354899E-05   0.784385E+02   0.784619E+02  -0.198378E-06
   0.402188E+02   0.143650E+03   0.143116E+03  -0.212258E-08  -0.216455E-08   0.000000E+00   0.143566E+03   0.143566E+03   0.143566E+03  -0.342102E-05   0.756098E+02   0.756337E+02  -0.198289E-06
   0.410313E+02   0.138467E+03   0.137960E+03  -0.196574E-08  -0.200461E-08   0.000000E+00   0.138388E+03   0.138388E+03   0.138388E+03  -0.329762E-05   0.728823E+02   0.729067E+02  -0.198020E-06
   0.418602E+02   0.133470E+03   0.132988E+03  -0.182047E-08  -0.185647E-08   0.000000E+00   0.133395E+03   0.133395E+03   0.133395E+03  -0.317864E-05   0.702525E+02   0.702773E+02  -0.197587E-06
   0.427058E+02   0.128652E+03   0.128194E+03  -0.168591E-08  -0.171925E-08   0.000000E+00   0.128580E+03   0.128580E+03   0.128580E+03  -0.306391E-05   0.677167E+02   0.677419E+02  -0.196999E-06
   0.435686E+02   0.124006E+03   0.123572E+03  -0.156128E-08  -0.159216E-08   0.000000E+00   0.123938E+03   0.123938E+03   0.123938E+03  -0.295330E-05   0.652718E+02   0.652974E+02  -0.196269E-06
   0.444487E+02   0.119527E+03   0.119116E+03  -0.144585E-08  -0.147444E-08   0.000000E+00   0.119462E+03   0.119462E+03   0.119462E+03  -0.284664E-05   0.629144E+02   0.629404E+02  -0.195407E-06
   0.453466E+02   0.115208E+03   0.114819E+03  -0.133893E-08  -0.136541E-08   0.000000E+00   0.115147E+03   0.115147E+03   0.115147E+03  -0.274381E-05   0.606415E+02   0.606679E+02  -0.194424E-06
   0.462627E+02   0.111044E+03   0.110676E+03  -0.123990E-08  -0.126443E-08   0.000000E+00   0.110986E+03   0.110986E+03   0.110986E+03  -0.264466E-05   0.584500E+02   0.584768E+02  -0.193328E-06
   0.471972E+02   0.107029E+03   0.106681E+03  -0.114819E-08  -0.117090E-08   0.000000E+00   0.106974E+03   0.106974E+03   0.106974E+03  -0.254907E-05   0.563371E+02   0.563643E+02  -0.192129E-06
   0.481507E+02   0.103158E+03   0.102830E+03  -0.106324E-08  -0.108427E-08   0.000000E+00   0.103107E+03   0.103107E+03   0.103107E+03  -0.245690E-05   0.542999E+02   0.543275E+02  -0.190834E-06
   0.491234E+02   0.994258E+02   0.991172E+02  -0.984569E-09  -0.100404E-08   0.000000E+00   0.993775E+02   0.993775E+02   0.993775E+02  -0.236805E-05   0.523359E+02   0.523638E+02  -0.189452E-06
   0.501158E+02   0.958277E+02   0.955375E+02  -0.911705E-09  -0.929742E-09   0.000000E+00   0.957823E+02   0.957823E+02   0.957823E+02  -0.228238E-05   0.504423E+02   0.504706E+02  -0.187990E-06
